0
1
2
3
4
5
6
7
8
10
13
14
15
16
17
19
22
23
24
26
28
30
31
32
35
36
37
39
40
42
44
45
46
50
51
53
55
58
59
60
61
63
64
66
67
68
69
70
71
72
73
75
76
77
78
80
82
83
84
85
86
88
89
90
92
93
94
95
96
97
98
99
100
101
102
105
106
108
109
110
111
112
113
114
115
116
118
120
121
122
123
124
126
127
128
130
131
133
134
135
136
137
138
139
142
146
147
149
150
151
152
154
157
158
159
160
164
165
166
167
168
170
171
174
178
182
192
193
195
199
200
202
203
204
206
207
208
209
211
214
216
218
220
221
222
223
224
225
229
231
233
234
237
239
240
244
245
248
249
251
253
255
256
257
263
264
270
276
277
278
281
292
297
302
303
305
310
314
315
318
319
321
322
323
324
325
335
337
341
342
343
351
353
358
359
361
363
365
368
369
372
375
376
377
378
382
383
390
391
394
395
399
400
401
406
407
408
411
416
418
422
430
433
434
435
436
437
441
443
455
469
470
477
479
485
488
493
499
501
502
505
508
516
521
523
524
528
532
533
537
538
539
540
541
542
547
548
557
560
567
568
569
570
576
592
593
598
601
605
608
610
613
629
632
638
641
655
675
683
691
695
697
698
714
720
729
734
736
740
750
752
757
762
767
772
811
812
813
821
828
838
853
861
873
875
906
908
924
926
938
960
980
981
997
1010
1016
1018
1024
1027
1038
1042
1050
1058
1059
1060
1075
1080
1087
1091
1106
1113
1114
1116
1120
1125
1127
1128
1130
1145
1148
1152
1160
1162
1163
1169
1174
1175
1176
1180
1202
1203
1213
1214
1220
1233
1234
1244
1258
1275
1284
1305
1316
1320
1321
1339
1343
1370
1376
1404
1407
1413
1414
1419
1421
1423
1436
1439
1443
1447
1448
1458
1468
1470
1477
1478
1493
1495
1508
1510
1535
1543
1558
1569
1573
1577
1579
1586
1588
1611
1612
1625
1636
1650
1655
1664
1681
1689
1698
1701
1702
1710
1727
1735
1737
1757
1765
1771
1772
1775
1809
1826
1859
1871
1877
1898
1899
1926
1940
1951
1955
1980
1996
2006
2017
2028
2035
2039
2045
2050
2053
2112
2116
2133
2146
2151
2188
2195
2206
2220
2225
2227
2236
2242
2252
2265
2267
2269
2278
2279
2280
2293
2298
2308
2309
2340
2342
2358
2359
2363
2389
2399
2402
2405
2423
2434
2438
2442
2455
2480
2544
2550
2551
2554
2572
2589
2592
2616
2623
2653
2656
2663
2670
2679
2685
2686
2691
2692
2698
2713
2716
2719
2726
2770
2782
2786
2803
2812
2816
2827
2845
2847
2859
2891
2902
2969
2977
2995
3006
3008
3028
3037
3069
3075
3084
3102
3148
3167
3172
3177
3178
3184
3189
3192
3207
3243
3244
3246
3273
3295
3330
3343
3372
3389
3398
3399
3406
3407
3424
3440
3456
3475
3515
3522
3526
3564
3567
3583
3590
3592
3604
3612
3616
3619
3647
3657
3665
3671
3673
3704
3716
3721
3725
3732
3748
3775
3785
3787
3803
3810
3823
3826
3833
3838
3848
3861
3874
3911
3932
3939
3951
3952
3993
4002
4007
4021
4028
4036
4041
4054
4073
4076
4099
4102
4111
4141
4158
4166
4168
4177
4201
4214
4238
4247
4290
4323
4341
4352
4355
4388
4426
4445
4469
4484
4497
4521
4522
4540
4541
4596
4601
4607
4609
4642
4648
4652
4671
4688
4692
4771
4808
4836
4853
4878
4903
4935
4937
4938
4939
4973
5059
5100
5129
5135
5145
5181
5201
5215
5223
5274
5275
5290
5302
5315
5336
5347
5366
5381
5419
5447
5457
5465
5468
5474
5507
5511
5513
5522
5543
5590
5619
5651
5675
5680
5696
5703
5725
5747
5754
5762
5776
5782
5795
5797
5818
5858
5861
5911
5913
5915
5919
5923
6002
6015
6077
6088
6089
6130
6208
6251
6262
6274
6278
6290
6314
6341
6347
6351
6397
6427
6522
6537
6647
6649
6712
6781
6790
6797
6848
6855
6879
6959
6960
6974
6979
6988
7004
7015
7032
7035
7038
7044
7069
7086
7184
7206
7209
7234
7237
7276
7280
7281
7291
7303
7311
7339
7351
7360
7379
7438
7483
7492
7535
7536
7555
7556
7607
7632
7699
7713
7756
7763
7779
7793
7805
7866
7938
7984
8058
8070
8073
8084
8095
8103
8193
8239
8279
8285
8292
8339
8346
8375
8376
8422
8454
8472
8475
8484
8521
8554
8555
8570
8597
8600
8601
8634
8642
8644
8680
8684
8685
8697
8717
8741
8752
8784
8791
8798
8804
8843
8934
8952
9111
9114
9147
9278
9288
9328
9348
9390
9428
9452
9533
9553
9560
9575
9609
9618
9619
9620
9648
9726
9730
9743
9746
9827
9833
9899
9900
9906
10004
10058
10076
10085
10093
10128
10131
10153
10206
10216
10222
10230
10232
10301
10354
10356
10365
10388
10395
10431
10467
10492
10520
10538
10571
10572
10582
10631
10651
10652
10654
10700
10704
10705
10708
10715
10721
10724
10745
10748
10756
10758
10794
10825
10880
10906
10948
11131
11137
11213
11223
11287
11399
11413
11464
11482
11534
11537
11553
11566
11569
11729
11742
11769
11774
11781
11797
11848
11855
11863
11864
11948
12027
12040
12064
12070
12076
12099
12159
12160
12161
12167
12169
12190
12209
12214
12249
12255
12268
12292
12347
12376
12377
12379
12380
12381
12382
12386
12409
12412
12422
12432
12441
12456
12482
12483
12487
12496
12531
12542
12547
12551
12552
12567
12569
12582
12593
12600
12618
12624
12625
12647
12650
12724
12831
12864
12883
12932
12948
13039
13046
13404
13519
13788
13803
13816
13875
13893
13924
13948
13959
13969
14174
14280
14307
14473
14484
14587
14608
14738
15032
15051
15084
15134
15305
15336
15349
15372
15377
15382
15383
15384
15723
15850
15925
16050
16078
16130
16230
16238
16302
16386
16422
16528
16529
16547
16548
16610
16620
16637
16658
16752
16867
16876
16914
16915
16972
16973
17019
17040
17066
17091
17092
17166
17188
17189
17202
17221
17321
17342
17344
17365
17400
17444
17477
17519
17560
17577
17601
17618
17638
17747
17819
17820
17880
18097
18170
18181
18202
18325
18385
18472
18709
18835
18904
18994
18995
18996
19498
19667
19737
19818
19881
20677
20842
21113
21274
21823
21937
22123
22688
22794
22943
23034
23035
23097
23127
23401
24059
24382
25235
25256
25315
25867
26116
26488
26551
26552
26661
28302
28536
28688
28844
34826
34837
34979
35169
35370
35409
35564
35778
35806
35838
35892
35893
35956
35962
35968
35973
36019
36026
36033
36066
36084
36135
36136
36145
36164
36201
