0
1
2
3
4
5
6
7
8
10
11
12
13
14
15
16
17
18
19
20
21
22
23
24
25
26
27
28
29
30
31
32
34
35
36
37
38
39
40
41
42
43
44
45
46
47
49
50
51
53
55
56
57
58
59
60
61
62
63
64
66
67
68
69
70
71
72
73
74
75
76
77
78
79
80
81
82
83
84
85
86
87
88
89
90
91
92
93
94
95
96
97
98
99
100
101
102
103
104
105
106
107
108
109
110
111
112
113
114
115
116
117
118
119
120
121
122
123
124
125
126
127
128
129
130
131
132
133
134
135
136
137
138
139
140
142
143
144
145
146
147
149
151
152
153
154
155
156
157
158
159
160
161
162
163
164
165
167
168
169
170
171
172
173
174
175
176
177
178
180
181
182
183
184
186
187
188
190
191
192
193
194
195
196
197
198
199
200
201
202
203
204
205
206
207
208
209
210
211
212
213
214
215
216
218
219
220
221
222
223
224
225
226
228
231
233
234
236
237
239
240
241
242
244
245
246
247
248
249
250
251
252
253
254
255
256
257
258
259
260
261
262
263
264
265
266
267
268
269
270
271
272
273
274
276
277
278
279
281
282
283
284
288
289
291
292
293
294
295
297
298
300
301
302
303
305
306
308
310
311
314
315
316
317
318
319
321
322
323
324
325
326
327
328
329
330
331
332
333
334
335
337
338
339
340
341
342
343
344
345
348
350
351
352
353
354
356
357
358
359
360
361
363
365
366
367
368
369
372
373
374
375
376
377
378
379
380
381
382
383
384
385
387
388
390
391
394
395
397
399
400
401
402
403
404
405
406
407
408
409
410
411
412
413
415
416
417
418
419
420
421
423
424
425
426
427
428
430
431
433
434
435
436
437
438
439
440
441
442
443
444
445
446
447
448
449
450
451
452
453
454
455
456
457
458
459
460
461
462
463
464
465
466
467
468
469
470
472
473
474
476
477
478
480
481
482
483
484
485
486
488
489
490
491
492
493
494
499
501
502
503
508
509
511
512
514
515
516
518
519
520
521
523
524
525
526
527
528
529
530
531
532
533
534
535
536
537
539
540
542
543
544
545
546
547
548
549
550
551
553
554
555
556
557
558
559
560
561
562
563
564
565
566
567
568
570
571
572
574
575
576
578
579
580
581
582
583
588
590
591
592
593
594
595
596
598
599
601
602
604
605
606
607
608
609
610
613
614
615
617
618
619
620
623
624
625
626
628
629
630
631
632
633
634
636
637
638
639
640
641
642
644
646
647
648
650
651
652
653
654
655
656
657
658
660
661
662
664
666
667
668
670
671
672
673
674
675
676
678
679
680
682
683
684
685
686
687
690
691
692
693
694
695
696
697
698
700
701
702
703
705
706
710
711
713
714
715
717
718
720
721
722
723
724
725
726
727
728
729
730
731
732
733
734
736
737
739
740
741
742
743
744
745
746
747
748
749
750
752
753
754
755
756
757
758
759
760
762
763
766
768
769
770
771
772
773
774
775
776
780
782
784
785
788
790
791
793
794
795
796
797
799
801
803
805
806
807
808
810
811
812
813
816
817
820
821
822
824
826
827
828
829
832
833
834
835
837
838
839
842
844
845
851
852
853
854
855
858
860
861
862
863
864
866
867
869
870
871
873
874
875
878
882
883
885
886
887
888
891
892
893
894
895
896
897
898
899
901
905
907
908
909
910
911
912
913
915
916
917
919
920
921
922
923
924
925
926
928
930
932
934
936
937
938
939
940
943
944
945
949
950
951
953
954
955
956
957
959
960
961
963
964
967
968
970
971
973
975
977
978
980
981
983
984
985
988
989
990
992
994
995
996
997
998
999
1000
1002
1003
1004
1005
1006
1007
1010
1011
1013
1014
1015
1016
1018
1019
1020
1021
1022
1023
1024
1027
1028
1029
1030
1031
1032
1033
1035
1036
1037
1038
1039
1040
1042
1043
1045
1046
1048
1050
1051
1052
1054
1055
1056
1059
1060
1061
1062
1063
1064
1065
1066
1067
1068
1069
1070
1071
1072
1074
1075
1077
1078
1079
1080
1081
1086
1087
1088
1089
1090
1094
1095
1096
1097
1098
1099
1100
1101
1102
1103
1106
1112
1113
1114
1115
1116
1117
1118
1119
1120
1122
1125
1126
1127
1128
1129
1130
1131
1132
1133
1134
1135
1136
1137
1138
1139
1140
1141
1142
1143
1144
1145
1146
1149
1150
1151
1152
1153
1155
1156
1158
1159
1160
1161
1164
1166
1167
1168
1169
1170
1171
1172
1173
1178
1179
1180
1181
1182
1184
1185
1186
1187
1188
1189
1190
1191
1193
1194
1195
1196
1198
1200
1201
1202
1203
1204
1206
1207
1208
1209
1210
1213
1214
1216
1217
1218
1219
1220
1221
1224
1226
1228
1229
1231
1232
1234
1235
1236
1238
1239
1241
1242
1243
1244
1245
1246
1247
1248
1251
1252
1253
1254
1255
1256
1257
1258
1259
1260
1261
1262
1263
1264
1265
1266
1267
1270
1271
1272
1273
1274
1275
1276
1277
1279
1280
1281
1283
1284
1287
1289
1290
1291
1292
1293
1296
1297
1300
1301
1302
1304
1305
1306
1309
1310
1311
1312
1313
1317
1320
1321
1323
1325
1327
1328
1330
1334
1335
1336
1337
1338
1339
1340
1341
1342
1343
1344
1345
1348
1350
1351
1353
1356
1357
1359
1362
1366
1367
1369
1370
1371
1372
1373
1374
1375
1376
1377
1378
1381
1384
1385
1386
1387
1388
1389
1390
1392
1393
1394
1395
1396
1398
1400
1404
1407
1409
1410
1412
1414
1418
1419
1420
1421
1422
1423
1424
1425
1427
1428
1429
1431
1432
1433
1434
1435
1436
1438
1439
1440
1441
1442
1443
1444
1445
1446
1447
1448
1449
1451
1453
1454
1457
1458
1459
1460
1461
1462
1466
1467
1468
1469
1470
1477
1478
1479
1481
1483
1485
1490
1491
1492
1493
1494
1495
1496
1498
1499
1501
1502
1503
1504
1505
1510
1511
1513
1515
1519
1520
1521
1522
1523
1524
1525
1526
1527
1528
1529
1530
1531
1532
1533
1534
1535
1537
1538
1539
1541
1543
1546
1548
1550
1552
1553
1554
1555
1556
1557
1559
1560
1561
1562
1563
1566
1567
1569
1570
1573
1574
1575
1576
1577
1578
1579
1581
1582
1586
1588
1589
1590
1591
1592
1593
1594
1595
1596
1597
1598
1599
1600
1603
1606
1607
1608
1609
1610
1611
1612
1613
1614
1616
1617
1618
1619
1620
1622
1623
1625
1626
1629
1631
1632
1633
1636
1637
1638
1641
1644
1645
1648
1650
1652
1654
1655
1656
1657
1658
1659
1661
1662
1664
1666
1669
1672
1673
1675
1676
1677
1679
1681
1682
1687
1688
1689
1692
1694
1695
1697
1698
1700
1701
1702
1703
1704
1705
1706
1707
1708
1709
1710
1714
1715
1716
1717
1718
1719
1720
1721
1722
1723
1724
1725
1728
1729
1730
1731
1732
1733
1734
1735
1736
1737
1738
1739
1742
1744
1746
1747
1751
1752
1753
1755
1757
1758
1759
1764
1765
1766
1767
1768
1769
1770
1772
1774
1775
1776
1777
1778
1779
1780
1781
1782
1783
1784
1787
1788
1789
1790
1791
1792
1793
1794
1795
1796
1797
1798
1799
1800
1801
1802
1803
1806
1807
1808
1810
1812
1813
1816
1817
1818
1819
1820
1822
1824
1825
1826
1827
1828
1829
1830
1832
1833
1834
1835
1836
1838
1839
1841
1843
1844
1845
1846
1847
1848
1849
1853
1854
1855
1856
1857
1859
1862
1863
1864
1866
1867
1869
1870
1872
1874
1875
1876
1879
1880
1881
1882
1883
1886
1887
1889
1891
1894
1895
1896
1897
1899
1900
1901
1902
1903
1905
1906
1907
1908
1910
1914
1915
1917
1918
1919
1921
1922
1925
1926
1927
1932
1934
1936
1937
1938
1939
1940
1941
1942
1943
1944
1945
1946
1947
1948
1951
1952
1954
1955
1956
1957
1960
1961
1963
1965
1967
1973
1976
1979
1980
1981
1987
1988
1989
1990
1991
1994
1996
1997
1998
2000
2001
2002
2003
2004
2005
2006
2008
2010
2012
2013
2014
2017
2018
2020
2021
2022
2023
2024
2025
2028
2029
2030
2031
2033
2034
2038
2039
2040
2045
2046
2050
2051
2052
2055
2056
2058
2059
2061
2062
2063
2064
2066
2067
2069
2073
2075
2078
2079
2081
2082
2083
2085
2086
2087
2089
2090
2091
2092
2093
2094
2095
2096
2097
2098
2099
2100
2101
2102
2103
2106
2109
2110
2111
2112
2113
2114
2115
2116
2119
2121
2122
2123
2125
2126
2130
2132
2133
2135
2136
2138
2139
2140
2141
2143
2145
2147
2149
2151
2152
2153
2154
2156
2159
2166
2169
2170
2171
2172
2173
2174
2179
2180
2182
2183
2185
2188
2189
2194
2195
2196
2197
2198
2199
2200
2201
2202
2203
2208
2211
2212
2213
2216
2220
2221
2222
2223
2224
2226
2227
2229
2232
2233
2236
2237
2239
2241
2242
2243
2244
2245
2249
2252
2253
2254
2255
2256
2257
2261
2262
2263
2266
2267
2269
2270
2272
2273
2274
2275
2276
2277
2278
2280
2282
2283
2284
2287
2288
2290
2291
2292
2293
2294
2295
2296
2298
2299
2302
2303
2305
2308
2309
2312
2313
2314
2315
2317
2318
2319
2322
2323
2324
2325
2326
2327
2329
2330
2331
2333
2334
2336
2338
2339
2340
2341
2343
2344
2345
2346
2347
2349
2351
2352
2353
2354
2358
2359
2360
2362
2363
2364
2365
2367
2368
2370
2372
2374
2375
2376
2379
2380
2381
2383
2388
2389
2392
2393
2398
2399
2400
2401
2404
2406
2408
2409
2410
2411
2412
2415
2417
2418
2419
2420
2421
2422
2425
2426
2427
2429
2432
2433
2434
2435
2436
2437
2438
2439
2440
2442
2443
2446
2450
2451
2452
2455
2456
2457
2458
2459
2460
2462
2464
2468
2469
2470
2471
2472
2473
2474
2475
2476
2477
2478
2479
2480
2481
2482
2484
2486
2488
2489
2490
2493
2494
2495
2496
2498
2499
2500
2501
2502
2503
2504
2506
2507
2508
2509
2510
2511
2513
2515
2516
2518
2519
2520
2523
2524
2525
2526
2527
2528
2529
2530
2531
2532
2534
2535
2536
2539
2540
2541
2544
2545
2546
2547
2551
2553
2555
2556
2557
2558
2559
2560
2561
2562
2564
2565
2568
2569
2570
2571
2572
2573
2574
2575
2579
2580
2582
2583
2584
2585
2586
2587
2589
2592
2593
2594
2595
2597
2599
2600
2601
2602
2603
2605
2606
2607
2608
2613
2614
2615
2616
2617
2620
2622
2623
2624
2626
2627
2630
2633
2634
2638
2640
2641
2642
2644
2645
2646
2647
2651
2652
2655
2656
2657
2658
2659
2660
2661
2664
2665
2666
2667
2668
2674
2676
2677
2678
2679
2680
2681
2683
2684
2687
2688
2689
2690
2691
2692
2694
2695
2696
2697
2700
2701
2702
2703
2705
2706
2707
2710
2711
2712
2714
2715
2716
2718
2719
2720
2721
2722
2723
2725
2726
2728
2732
2734
2736
2737
2741
2742
2743
2746
2747
2748
2749
2750
2751
2752
2753
2754
2755
2757
2759
2763
2764
2765
2768
2769
2770
2772
2773
2774
2775
2776
2777
2778
2779
2781
2783
2785
2788
2791
2794
2800
2801
2806
2807
2808
2809
2810
2811
2812
2813
2816
2817
2820
2821
2823
2827
2828
2831
2834
2835
2836
2837
2838
2843
2844
2845
2846
2847
2848
2849
2850
2852
2854
2855
2857
2858
2862
2866
2867
2869
2870
2871
2873
2874
2875
2876
2878
2879
2880
2881
2882
2883
2886
2890
2891
2892
2893
2895
2896
2898
2901
2903
2904
2905
2906
2907
2908
2910
2912
2915
2916
2917
2918
2920
2921
2924
2925
2926
2927
2928
2929
2930
2932
2933
2934
2936
2937
2939
2940
2943
2944
2945
2947
2948
2949
2951
2952
2953
2958
2959
2960
2961
2962
2963
2964
2965
2966
2967
2968
2969
2970
2971
2972
2974
2976
2977
2979
2980
2983
2984
2985
2986
2989
2996
2997
3000
3001
3002
3004
3006
3007
3008
3009
3010
3012
3014
3016
3017
3018
3019
3020
3021
3022
3023
3024
3025
3026
3028
3029
3031
3035
3037
3038
3039
3040
3041
3042
3043
3044
3045
3046
3048
3049
3050
3051
3054
3055
3056
3057
3058
3059
3063
3064
3065
3066
3067
3068
3069
3070
3071
3072
3073
3074
3075
3077
3078
3079
3082
3083
3084
3085
3086
3087
3088
3090
3091
3092
3093
3095
3096
3097
3098
3100
3103
3105
3106
3108
3109
3112
3113
3117
3118
3119
3120
3121
3122
3123
3124
3125
3126
3128
3129
3130
3131
3132
3136
3137
3139
3141
3142
3147
3148
3150
3152
3153
3155
3156
3157
3158
3159
3160
3161
3162
3164
3166
3171
3172
3175
3176
3183
3186
3188
3192
3193
3195
3196
3199
3200
3203
3206
3207
3208
3209
3210
3211
3212
3216
3218
3220
3221
3222
3224
3225
3226
3231
3232
3233
3236
3237
3238
3241
3242
3244
3248
3249
3251
3253
3256
3257
3258
3264
3266
3267
3268
3269
3271
3275
3276
3277
3278
3279
3281
3282
3283
3284
3285
3286
3287
3288
3289
3290
3291
3292
3295
3297
3299
3301
3302
3303
3304
3305
3306
3308
3309
3311
3312
3313
3315
3317
3321
3322
3323
3324
3325
3326
3327
3328
3329
3330
3333
3334
3335
3337
3338
3339
3340
3341
3342
3343
3344
3345
3346
3347
3348
3349
3350
3351
3352
3353
3355
3356
3357
3361
3362
3363
3364
3367
3369
3370
3371
3373
3374
3375
3376
3378
3379
3380
3381
3382
3383
3384
3388
3389
3390
3391
3392
3393
3395
3396
3398
3408
3409
3410
3411
3412
3413
3414
3415
3416
3420
3421
3423
3425
3427
3428
3429
3430
3431
3432
3434
3435
3436
3437
3438
3441
3444
3445
3446
3447
3450
3452
3455
3459
3460
3462
3464
3466
3467
3469
3470
3471
3474
3475
3476
3477
3478
3479
3480
3481
3482
3483
3484
3486
3487
3489
3491
3493
3494
3495
3496
3497
3498
3500
3501
3502
3503
3504
3507
3508
3509
3512
3518
3520
3521
3522
3525
3527
3528
3530
3532
3533
3534
3535
3536
3537
3538
3539
3542
3543
3547
3548
3550
3551
3552
3553
3557
3558
3559
3560
3561
3564
3565
3567
3568
3569
3570
3571
3572
3574
3575
3582
3583
3584
3585
3588
3591
3592
3593
3596
3597
3598
3600
3602
3603
3604
3606
3608
3611
3612
3613
3614
3617
3618
3619
3621
3622
3623
3625
3626
3627
3628
3629
3631
3632
3635
3637
3638
3640
3642
3643
3644
3645
3646
3647
3650
3652
3653
3654
3656
3657
3658
3663
3664
3665
3666
3668
3669
3670
3671
3673
3674
3675
3677
3680
3685
3687
3688
3689
3691
3692
3693
3694
3696
3697
3701
3702
3703
3704
3708
3709
3710
3711
3712
3714
3716
3717
3718
3720
3722
3723
3725
3726
3727
3729
3730
3732
3734
3736
3737
3738
3739
3740
3743
3746
3747
3748
3752
3755
3756
3757
3758
3761
3762
3763
3764
3767
3768
3769
3770
3772
3775
3776
3779
3781
3782
3785
3791
3793
3794
3796
3797
3798
3799
3800
3801
3802
3803
3804
3806
3807
3808
3811
3815
3817
3819
3821
3823
3824
3826
3829
3831
3835
3836
3837
3838
3842
3844
3846
3847
3848
3849
3853
3854
3855
3856
3857
3861
3863
3864
3865
3866
3868
3870
3872
3873
3875
3877
3878
3879
3880
3881
3882
3883
3884
3885
3887
3888
3889
3892
3893
3894
3896
3899
3900
3901
3903
3904
3905
3906
3907
3908
3911
3912
3913
3915
3917
3918
3919
3920
3921
3922
3923
3924
3925
3926
3927
3929
3930
3932
3933
3934
3935
3938
3939
3940
3941
3942
3943
3944
3946
3947
3948
3949
3951
3952
3953
3954
3955
3958
3959
3961
3963
3965
3969
3972
3973
3977
3978
3979
3980
3981
3982
3983
3989
3990
3994
3996
3998
4000
4001
4002
4003
4004
4007
4008
4009
4010
4015
4016
4017
4019
4022
4023
4024
4025
4029
4030
4037
4038
4039
4040
4043
4044
4047
4048
4051
4052
4053
4055
4056
4060
4061
4062
4063
4064
4065
4066
4067
4068
4070
4072
4074
4076
4078
4079
4080
4081
4082
4083
4087
4089
4090
4099
4100
4102
4103
4105
4107
4108
4109
4110
4111
4113
4114
4115
4116
4117
4119
4120
4123
4126
4128
4134
4136
4141
4142
4143
4153
4155
4156
4158
4159
4160
4161
4163
4164
4165
4166
4167
4169
4170
4171
4172
4173
4174
4175
4176
4177
4178
4179
4183
4185
4187
4188
4190
4191
4192
4193
4196
4197
4199
4201
4205
4210
4212
4213
4214
4215
4217
4218
4220
4221
4223
4225
4227
4228
4229
4230
4231
4232
4233
4238
4239
4245
4246
4247
4248
4249
4250
4251
4253
4254
4255
4256
4257
4258
4259
4260
4261
4262
4263
4265
4266
4272
4274
4276
4279
4280
4283
4285
4287
4288
4292
4295
4296
4297
4300
4301
4302
4304
4309
4310
4311
4312
4313
4314
4315
4316
4318
4320
4321
4322
4323
4324
4325
4326
4327
4328
4330
4332
4333
4335
4337
4339
4343
4348
4349
4350
4352
4353
4354
4355
4357
4358
4359
4364
4365
4367
4369
4370
4372
4374
4380
4381
4382
4383
4384
4385
4388
4389
4391
4394
4396
4397
4399
4400
4401
4402
4404
4405
4406
4409
4410
4411
4412
4413
4415
4419
4420
4421
4422
4426
4427
4428
4429
4433
4436
4438
4442
4445
4446
4447
4448
4452
4453
4454
4455
4458
4461
4462
4463
4465
4467
4469
4470
4472
4473
4476
4482
4483
4486
4487
4488
4489
4490
4491
4492
4493
4495
4496
4497
4502
4503
4504
4505
4506
4508
4511
4512
4513
4514
4519
4522
4523
4524
4527
4528
4529
4531
4532
4535
4544
4545
4546
4548
4549
4552
4553
4554
4557
4558
4560
4564
4565
4566
4567
4570
4577
4578
4580
4582
4583
4585
4587
4591
4594
4596
4597
4602
4603
4604
4605
4606
4608
4609
4611
4612
4613
4614
4617
4622
4624
4625
4626
4629
4630
4631
4634
4635
4636
4637
4639
4640
4641
4642
4643
4644
4646
4647
4649
4650
4652
4653
4656
4657
4658
4659
4662
4663
4669
4670
4671
4672
4673
4675
4676
4677
4679
4683
4687
4690
4692
4693
4694
4697
4699
4701
4704
4706
4707
4708
4711
4716
4718
4722
4723
4724
4727
4729
4730
4731
4732
4737
4738
4739
4744
4745
4747
4748
4749
4750
4752
4753
4757
4758
4759
4761
4762
4763
4764
4765
4768
4769
4774
4776
4780
4781
4782
4783
4785
4787
4788
4790
4791
4792
4793
4794
4797
4798
4799
4800
4801
4802
4803
4805
4808
4809
4810
4811
4813
4814
4815
4818
4822
4828
4829
4831
4832
4833
4837
4841
4842
4843
4846
4849
4850
4851
4853
4856
4857
4859
4860
4862
4863
4865
4866
4867
4868
4869
4871
4874
4876
4878
4879
4880
4881
4882
4883
4884
4885
4886
4887
4888
4889
4890
4893
4894
4896
4897
4898
4899
4903
4904
4905
4906
4908
4909
4910
4911
4912
4913
4914
4915
4916
4919
4921
4928
4931
4932
4934
4935
4936
4937
4940
4942
4943
4945
4947
4948
4949
4953
4954
4956
4957
4958
4961
4964
4965
4966
4968
4969
4970
4971
4973
4974
4975
4976
4979
4980
4982
4987
4988
4989
4992
4993
4994
4997
4998
5001
5002
5003
5005
5008
5009
5011
5012
5013
5016
5017
5020
5021
5022
5023
5024
5025
5026
5027
5028
5029
5032
5033
5036
5040
5050
5051
5052
5055
5056
5058
5059
5061
5063
5067
5068
5069
5070
5072
5073
5075
5077
5079
5080
5081
5086
5089
5091
5092
5093
5094
5095
5096
5097
5100
5102
5106
5107
5110
5111
5112
5113
5114
5115
5116
5117
5119
5120
5122
5123
5128
5129
5130
5131
5133
5135
5138
5139
5140
5143
5144
5145
5148
5149
5150
5151
5152
5155
5156
5158
5159
5160
5161
5162
5163
5164
5165
5166
5167
5168
5169
5170
5178
5179
5181
5182
5183
5185
5186
5187
5188
5189
5190
5191
5192
5193
5194
5195
5196
5197
5198
5199
5200
5201
5202
5204
5205
5206
5208
5211
5212
5214
5215
5218
5219
5220
5223
5225
5227
5229
5233
5234
5237
5238
5244
5246
5248
5250
5251
5257
5259
5260
5261
5262
5263
5264
5265
5268
5270
5271
5272
5273
5275
5276
5277
5278
5280
5281
5283
5284
5285
5286
5290
5291
5292
5293
5295
5296
5297
5298
5301
5303
5304
5307
5311
5312
5313
5315
5316
5318
5320
5322
5323
5324
5325
5326
5327
5329
5330
5331
5335
5338
5340
5341
5344
5347
5349
5350
5351
5352
5353
5354
5359
5362
5363
5364
5365
5366
5368
5369
5370
5372
5373
5375
5376
5379
5380
5381
5382
5383
5386
5387
5388
5389
5390
5391
5393
5394
5395
5396
5397
5398
5400
5401
5403
5404
5405
5408
5409
5410
5411
5413
5414
5415
5416
5417
5419
5420
5421
5422
5423
5427
5428
5429
5433
5434
5435
5436
5437
5439
5440
5441
5443
5444
5447
5449
5451
5452
5455
5457
5460
5461
5462
5465
5466
5467
5468
5469
5473
5475
5477
5478
5480
5481
5482
5483
5484
5485
5487
5488
5489
5491
5493
5494
5495
5496
5498
5500
5501
5502
5504
5505
5506
5507
5508
5513
5517
5518
5519
5521
5522
5524
5526
5529
5531
5533
5534
5535
5536
5538
5540
5542
5544
5547
5548
5549
5551
5555
5558
5560
5561
5562
5563
5565
5568
5570
5571
5575
5576
5577
5578
5579
5580
5582
5583
5584
5585
5586
5590
5591
5592
5593
5595
5597
5598
5601
5603
5606
5608
5610
5611
5616
5617
5618
5619
5620
5621
5622
5623
5624
5628
5634
5635
5636
5637
5638
5639
5641
5642
5643
5644
5645
5646
5648
5649
5650
5651
5652
5656
5659
5660
5661
5662
5663
5664
5665
5666
5671
5673
5675
5678
5690
5694
5696
5697
5701
5702
5703
5704
5705
5708
5711
5712
5713
5716
5717
5718
5719
5722
5723
5724
5727
5728
5730
5731
5732
5733
5734
5735
5737
5738
5739
5741
5743
5744
5746
5747
5749
5751
5754
5756
5758
5761
5762
5763
5764
5765
5766
5767
5768
5770
5773
5774
5775
5778
5779
5780
5784
5786
5787
5788
5789
5795
5796
5798
5799
5800
5801
5802
5804
5806
5807
5808
5810
5811
5816
5819
5820
5825
5828
5829
5830
5834
5838
5839
5840
5841
5844
5845
5847
5850
5851
5853
5854
5855
5858
5859
5862
5864
5866
5867
5868
5873
5876
5878
5879
5880
5884
5886
5888
5893
5896
5904
5906
5907
5909
5912
5913
5914
5916
5917
5919
5920
5921
5923
5930
5933
5934
5935
5936
5943
5945
5947
5948
5949
5950
5952
5955
5956
5959
5960
5962
5965
5966
5968
5969
5970
5971
5973
5974
5975
5976
5978
5982
5984
5985
5987
5988
5990
5991
5993
5994
5995
5996
5997
5999
6001
6004
6008
6010
6011
6014
6015
6018
6025
6026
6027
6028
6029
6030
6032
6033
6034
6035
6036
6040
6044
6049
6052
6053
6059
6060
6064
6066
6067
6068
6069
6070
6071
6072
6073
6075
6076
6077
6080
6081
6085
6089
6091
6092
6093
6096
6098
6103
6105
6106
6107
6109
6110
6112
6114
6115
6116
6117
6121
6123
6124
6126
6127
6129
6133
6134
6135
6137
6142
6147
6149
6152
6153
6156
6158
6160
6161
6162
6163
6164
6167
6169
6170
6172
6176
6179
6180
6182
6186
6188
6191
6193
6194
6196
6198
6199
6200
6201
6202
6203
6204
6207
6208
6209
6213
6214
6216
6217
6218
6219
6221
6222
6231
6232
6233
6234
6235
6236
6238
6239
6242
6246
6250
6251
6252
6253
6256
6259
6260
6262
6265
6266
6267
6270
6273
6274
6275
6279
6280
6282
6283
6284
6287
6288
6291
6293
6294
6295
6296
6297
6298
6299
6300
6301
6302
6303
6305
6309
6310
6311
6312
6313
6314
6323
6325
6328
6329
6330
6331
6333
6334
6335
6336
6337
6338
6342
6343
6346
6347
6352
6353
6358
6359
6363
6364
6367
6371
6375
6377
6378
6379
6380
6381
6382
6383
6385
6387
6389
6390
6392
6393
6394
6399
6400
6401
6404
6408
6413
6414
6417
6418
6419
6420
6422
6425
6426
6429
6430
6431
6433
6434
6435
6436
6437
6439
6443
6444
6445
6446
6447
6448
6449
6450
6453
6454
6457
6458
6459
6460
6461
6462
6463
6464
6465
6466
6471
6474
6477
6479
6480
6481
6482
6483
6484
6485
6486
6491
6492
6493
6494
6500
6502
6503
6509
6510
6512
6513
6521
6523
6526
6527
6529
6530
6531
6533
6534
6535
6537
6539
6540
6544
6545
6546
6553
6555
6559
6560
6562
6563
6564
6565
6566
6569
6570
6575
6583
6584
6590
6591
6592
6597
6598
6601
6602
6603
6604
6605
6606
6611
6612
6614
6615
6617
6618
6619
6620
6621
6622
6624
6626
6629
6631
6632
6633
6634
6635
6636
6637
6638
6644
6646
6647
6648
6649
6650
6655
6656
6657
6658
6661
6665
6668
6669
6670
6671
6672
6674
6678
6681
6682
6683
6685
6687
6688
6691
6694
6697
6700
6701
6704
6705
6706
6707
6708
6709
6710
6711
6712
6713
6715
6716
6717
6718
6722
6723
6727
6728
6729
6730
6731
6733
6735
6737
6738
6739
6740
6741
6742
6743
6744
6745
6747
6748
6749
6750
6753
6755
6761
6764
6765
6766
6767
6770
6771
6772
6773
6774
6775
6776
6777
6778
6782
6785
6786
6788
6789
6791
6795
6796
6799
6802
6803
6804
6805
6808
6809
6810
6815
6819
6821
6823
6824
6825
6826
6827
6831
6832
6836
6837
6838
6849
6853
6855
6861
6863
6866
6870
6871
6877
6880
6882
6883
6885
6886
6887
6888
6891
6894
6904
6905
6906
6907
6908
6909
6910
6911
6913
6915
6917
6919
6921
6922
6923
6926
6927
6929
6930
6931
6932
6933
6936
6937
6938
6940
6941
6942
6943
6944
6946
6948
6951
6953
6957
6962
6963
6967
6971
6973
6975
6977
6980
6981
6983
6985
6987
6988
6989
6990
6991
6992
6993
6994
6995
6998
6999
7002
7003
7004
7005
7006
7007
7008
7009
7013
7014
7015
7017
7018
7019
7020
7021
7022
7023
7024
7027
7028
7029
7032
7033
7034
7035
7037
7039
7042
7044
7045
7046
7049
7050
7051
7052
7053
7054
7055
7057
7059
7061
7063
7064
7069
7070
7071
7072
7073
7075
7076
7077
7081
7084
7085
7086
7087
7088
7090
7092
7095
7096
7097
7102
7103
7104
7106
7107
7108
7109
7114
7115
7117
7118
7120
7121
7122
7123
7126
7127
7129
7132
7133
7135
7138
7139
7142
7143
7145
7150
7151
7152
7153
7154
7155
7156
7157
7158
7159
7160
7161
7162
7164
7165
7166
7167
7168
7169
7170
7171
7172
7173
7175
7177
7178
7180
7181
7182
7183
7186
7187
7188
7189
7191
7192
7193
7194
7195
7196
7198
7199
7200
7201
7203
7207
7209
7210
7216
7217
7218
7219
7220
7221
7222
7223
7225
7232
7235
7236
7240
7241
7243
7244
7245
7246
7248
7250
7251
7254
7255
7256
7257
7262
7263
7264
7267
7269
7272
7273
7274
7275
7277
7278
7279
7281
7282
7283
7285
7286
7287
7288
7289
7290
7291
7292
7294
7296
7297
7298
7304
7305
7306
7307
7308
7309
7310
7314
7315
7317
7319
7321
7322
7326
7327
7331
7333
7334
7337
7340
7342
7343
7344
7345
7348
7349
7351
7354
7355
7357
7359
7361
7363
7364
7366
7369
7377
7378
7381
7382
7385
7388
7392
7395
7396
7399
7404
7405
7407
7408
7413
7414
7415
7419
7423
7426
7429
7432
7433
7435
7439
7440
7441
7444
7446
7448
7449
7450
7451
7452
7455
7457
7458
7463
7465
7466
7467
7468
7470
7471
7474
7476
7481
7484
7486
7487
7491
7492
7494
7496
7498
7499
7500
7501
7502
7504
7507
7508
7509
7511
7513
7514
7515
7520
7521
7522
7523
7524
7525
7527
7531
7535
7536
7537
7538
7539
7540
7541
7544
7546
7548
7551
7554
7560
7561
7563
7564
7566
7572
7573
7574
7578
7582
7583
7585
7586
7589
7590
7593
7594
7595
7596
7597
7599
7601
7602
7603
7604
7605
7606
7607
7608
7611
7612
7615
7618
7619
7620
7621
7623
7624
7625
7627
7628
7629
7631
7632
7635
7636
7638
7639
7640
7641
7642
7644
7645
7646
7647
7648
7649
7650
7651
7653
7654
7656
7658
7659
7660
7662
7668
7670
7672
7674
7675
7676
7677
7678
7679
7680
7681
7682
7683
7684
7685
7686
7687
7688
7690
7691
7697
7700
7701
7702
7703
7704
7706
7707
7708
7709
7712
7713
7715
7717
7720
7722
7723
7724
7725
7726
7728
7729
7730
7733
7734
7736
7737
7738
7741
7746
7747
7756
7758
7760
7762
7764
7765
7766
7767
7768
7770
7771
7772
7773
7780
7781
7782
7783
7784
7786
7792
7797
7798
7800
7802
7804
7808
7811
7812
7813
7814
7816
7817
7818
7819
7828
7829
7830
7831
7832
7834
7835
7836
7837
7839
7841
7842
7852
7853
7854
7855
7856
7857
7859
7861
7863
7864
7865
7866
7867
7868
7869
7870
7871
7872
7876
7877
7878
7882
7883
7887
7894
7895
7897
7898
7901
7902
7903
7906
7909
7910
7911
7912
7915
7916
7917
7925
7929
7931
7932
7933
7936
7938
7939
7942
7946
7948
7949
7950
7951
7953
7954
7955
7957
7960
7961
7962
7965
7966
7967
7968
7974
7975
7976
7978
7979
7980
7981
7982
7983
7985
7987
7988
7993
7995
7996
7997
8001
8003
8004
8006
8014
8018
8019
8022
8023
8024
8025
8026
8027
8028
8029
8030
8031
8034
8035
8036
8037
8038
8041
8042
8043
8044
8049
8052
8053
8054
8057
8058
8059
8061
8062
8063
8064
8066
8067
8068
8070
8072
8073
8075
8078
8081
8084
8087
8090
8091
8092
8093
8096
8097
8100
8101
8102
8104
8105
8112
8113
8114
8118
8123
8125
8128
8129
8130
8131
8132
8133
8134
8135
8136
8137
8138
8139
8140
8142
8143
8145
8146
8147
8149
8150
8151
8154
8155
8156
8157
8158
8159
8160
8161
8162
8166
8167
8170
8171
8172
8174
8175
8176
8178
8179
8180
8181
8184
8187
8189
8191
8193
8195
8196
8198
8199
8202
8204
8206
8207
8208
8209
8212
8217
8225
8226
8227
8228
8229
8230
8231
8232
8234
8236
8237
8243
8244
8245
8246
8247
8249
8256
8259
8260
8263
8266
8267
8270
8271
8272
8273
8274
8276
8278
8279
8280
8281
8284
8287
8290
8291
8295
8296
8297
8298
8299
8301
8302
8305
8309
8310
8311
8312
8316
8317
8320
8321
8322
8323
8324
8326
8328
8329
8331
8332
8338
8341
8342
8343
8347
8348
8349
8355
8356
8360
8362
8366
8367
8368
8370
8371
8372
8373
8374
8375
8376
8377
8381
8383
8385
8386
8387
8388
8389
8390
8391
8394
8395
8397
8399
8400
8401
8402
8403
8406
8409
8411
8413
8414
8415
8417
8419
8421
8423
8426
8427
8428
8429
8430
8431
8436
8438
8440
8441
8442
8443
8444
8446
8447
8451
8452
8458
8460
8462
8465
8467
8468
8469
8470
8471
8475
8478
8481
8485
8487
8491
8492
8496
8497
8498
8499
8500
8502
8504
8505
8506
8507
8512
8513
8514
8515
8516
8518
8519
8520
8523
8524
8525
8526
8527
8528
8529
8530
8531
8533
8534
8535
8536
8539
8541
8542
8543
8544
8545
8546
8548
8549
8550
8551
8552
8555
8558
8559
8563
8564
8566
8568
8571
8574
8575
8577
8579
8580
8583
8584
8585
8586
8587
8588
8589
8590
8591
8593
8596
8601
8602
8605
8611
8613
8614
8615
8616
8617
8618
8620
8621
8622
8623
8624
8628
8629
8638
8639
8641
8642
8645
8647
8648
8650
8651
8652
8655
8656
8657
8658
8663
8664
8665
8667
8668
8670
8672
8673
8674
8675
8676
8677
8678
8681
8682
8684
8685
8686
8690
8691
8695
8697
8698
8701
8702
8703
8704
8706
8708
8710
8711
8712
8713
8715
8721
8722
8724
8725
8726
8730
8731
8738
8741
8742
8743
8744
8745
8746
8748
8749
8751
8754
8755
8756
8757
8758
8763
8774
8776
8785
8786
8787
8791
8792
8793
8794
8795
8796
8797
8804
8806
8807
8810
8813
8814
8815
8817
8819
8820
8821
8822
8823
8824
8825
8826
8828
8830
8837
8838
8839
8840
8841
8845
8849
8850
8851
8856
8858
8861
8865
8866
8870
8871
8872
8873
8874
8879
8880
8881
8883
8884
8885
8886
8887
8888
8891
8892
8893
8894
8895
8899
8901
8902
8907
8909
8911
8917
8918
8919
8920
8921
8922
8923
8924
8925
8929
8931
8932
8934
8943
8946
8947
8948
8950
8951
8952
8955
8960
8962
8963
8977
8978
8979
8980
8981
8982
8983
8985
8986
8987
8989
8993
8998
9001
9002
9004
9005
9006
9008
9011
9013
9014
9015
9016
9017
9018
9019
9021
9023
9024
9026
9030
9031
9032
9035
9037
9039
9041
9043
9045
9054
9056
9057
9058
9062
9065
9066
9069
9070
9078
9083
9085
9086
9088
9096
9098
9099
9100
9101
9103
9105
9109
9110
9112
9113
9114
9115
9116
9121
9126
9128
9130
9131
9133
9134
9137
9140
9142
9143
9146
9152
9153
9156
9157
9158
9164
9166
9167
9168
9170
9177
9178
9179
9180
9184
9197
9198
9199
9201
9203
9214
9216
9218
9219
9220
9222
9223
9226
9229
9234
9235
9236
9237
9238
9240
9241
9242
9246
9250
9251
9252
9256
9257
9261
9265
9266
9267
9268
9270
9272
9273
9274
9275
9277
9278
9282
9283
9284
9288
9290
9292
9293
9294
9298
9299
9302
9304
9305
9308
9309
9311
9312
9315
9316
9317
9318
9319
9320
9322
9323
9326
9327
9329
9330
9331
9335
9336
9337
9339
9344
9346
9349
9350
9351
9352
9353
9356
9358
9359
9360
9361
9362
9363
9366
9369
9372
9375
9376
9377
9379
9380
9381
9382
9384
9389
9392
9395
9396
9400
9402
9403
9404
9405
9406
9410
9415
9417
9421
9422
9429
9430
9431
9432
9434
9438
9440
9441
9443
9445
9449
9451
9453
9454
9455
9456
9457
9458
9459
9461
9463
9465
9466
9467
9468
9471
9472
9473
9474
9475
9476
9477
9480
9482
9486
9487
9489
9495
9498
9501
9504
9505
9506
9508
9514
9515
9520
9521
9522
9523
9524
9525
9526
9527
9529
9530
9535
9536
9537
9538
9539
9540
9541
9544
9545
9546
9548
9549
9553
9554
9555
9560
9561
9562
9564
9566
9568
9570
9572
9574
9577
9578
9579
9580
9582
9583
9584
9586
9587
9590
9591
9592
9597
9598
9599
9600
9602
9608
9611
9612
9613
9614
9615
9616
9618
9621
9623
9624
9625
9626
9630
9631
9636
9639
9642
9643
9644
9646
9649
9652
9653
9654
9655
9658
9659
9667
9668
9669
9673
9674
9675
9677
9683
9684
9685
9687
9691
9693
9694
9695
9696
9697
9698
9701
9702
9703
9707
9710
9713
9714
9718
9719
9723
9727
9729
9733
9735
9737
9738
9741
9742
9744
9746
9747
9748
9750
9751
9752
9756
9758
9760
9762
9764
9765
9766
9768
9769
9770
9771
9772
9775
9776
9777
9780
9791
9792
9793
9795
9796
9797
9799
9801
9803
9805
9807
9811
9814
9816
9817
9819
9820
9822
9825
9827
9828
9831
9832
9835
9837
9839
9840
9850
9853
9854
9855
9858
9859
9865
9866
9867
9868
9870
9872
9874
9877
9879
9881
9886
9887
9888
9889
9890
9895
9896
9897
9898
9903
9904
9906
9907
9909
9911
9912
9913
9918
9919
9920
9921
9922
9923
9926
9927
9928
9929
9930
9933
9935
9936
9937
9938
9939
9940
9941
9942
9944
9945
9950
9951
9952
9953
9956
9957
9959
9960
9961
9963
9965
9966
9967
9968
9969
9971
9972
9974
9975
9976
9978
9982
9983
9987
9989
9992
9993
10000
10001
10002
10005
10006
10007
10008
10017
10021
10027
10029
10036
10038
10039
10040
10041
10043
10044
10045
10051
10053
10057
10058
10069
10070
10071
10074
10076
10080
10081
10082
10085
10087
10089
10090
10091
10093
10096
10097
10104
10106
10108
10109
10110
10111
10112
10113
10114
10115
10117
10118
10123
10125
10128
10130
10131
10132
10134
10137
10139
10141
10142
10145
10150
10151
10152
10153
10155
10156
10158
10160
10162
10165
10166
10167
10169
10170
10174
10176
10179
10183
10185
10186
10187
10188
10190
10192
10195
10197
10198
10199
10205
10206
10207
10208
10210
10211
10212
10214
10215
10219
10221
10223
10226
10227
10231
10232
10235
10239
10241
10242
10247
10249
10250
10252
10254
10258
10259
10260
10261
10263
10264
10267
10268
10269
10271
10272
10273
10274
10275
10277
10278
10279
10280
10283
10284
10285
10289
10290
10291
10292
10293
10296
10297
10300
10306
10307
10308
10309
10312
10313
10315
10317
10319
10320
10326
10329
10335
10337
10338
10339
10344
10345
10346
10347
10348
10349
10351
10352
10353
10354
10355
10356
10358
10359
10361
10363
10364
10365
10369
10372
10373
10376
10377
10384
10385
10388
10390
10392
10393
10394
10395
10396
10397
10400
10401
10402
10403
10407
10408
10412
10413
10415
10418
10419
10420
10421
10423
10425
10427
10431
10432
10435
10438
10440
10441
10443
10446
10447
10450
10452
10453
10458
10460
10462
10464
10466
10467
10468
10471
10472
10478
10479
10481
10484
10489
10493
10496
10499
10500
10504
10506
10507
10508
10509
10510
10511
10512
10513
10514
10515
10516
10517
10518
10519
10520
10521
10522
10525
10526
10527
10528
10530
10532
10533
10534
10536
10537
10538
10541
10542
10545
10549
10557
10562
10563
10566
10576
10578
10580
10582
10585
10587
10588
10589
10592
10593
10594
10595
10598
10599
10600
10601
10602
10603
10605
10609
10610
10613
10614
10615
10618
10624
10625
10627
10628
10633
10635
10636
10638
10639
10640
10644
10645
10647
10648
10650
10653
10655
10656
10657
10658
10659
10660
10661
10665
10666
10668
10669
10670
10671
10672
10673
10674
10677
10678
10681
10683
10684
10685
10686
10687
10688
10690
10696
10697
10698
10699
10706
10708
10713
10716
10717
10718
10719
10720
10722
10724
10727
10728
10730
10735
10736
10737
10740
10741
10743
10744
10746
10749
10754
10757
10758
10759
10760
10761
10763
10764
10765
10766
10767
10768
10769
10770
10771
10773
10774
10776
10777
10779
10780
10781
10787
10788
10789
10790
10791
10792
10793
10795
10800
10801
10803
10804
10808
10812
10814
10815
10819
10821
10822
10823
10824
10826
10827
10828
10830
10831
10832
10835
10836
10839
10842
10849
10852
10853
10854
10855
10856
10858
10863
10867
10869
10870
10874
10875
10877
10878
10880
10881
10882
10884
10885
10886
10887
10889
10890
10892
10893
10894
10895
10899
10901
10902
10903
10905
10908
10912
10913
10916
10917
10918
10919
10920
10921
10928
10929
10930
10931
10932
10936
10938
10940
10941
10945
10946
10947
10948
10955
10956
10961
10962
10963
10966
10967
10970
10971
10973
10974
10976
10978
10981
10985
10986
10990
10991
11000
11002
11004
11005
11006
11007
11008
11009
11010
11011
11013
11020
11021
11024
11025
11026
11027
11028
11029
11032
11033
11034
11035
11037
11039
11040
11042
11047
11050
11051
11054
11055
11058
11061
11062
11063
11064
11065
11066
11067
11068
11069
11070
11071
11072
11073
11075
11076
11077
11078
11082
11083
11084
11085
11086
11089
11090
11092
11094
11095
11096
11097
11100
11103
11106
11107
11109
11110
11114
11115
11116
11117
11118
11119
11121
11124
11125
11126
11128
11130
11132
11135
11137
11138
11141
11142
11145
11149
11150
11153
11158
11160
11161
11163
11165
11170
11171
11174
11177
11178
11180
11181
11183
11184
11186
11187
11190
11191
11192
11194
11195
11196
11197
11198
11200
11205
11207
11209
11212
11213
11215
11216
11223
11224
11225
11230
11231
11234
11236
11240
11241
11242
11244
11246
11247
11249
11250
11252
11253
11254
11255
11256
11257
11259
11265
11268
11270
11272
11273
11274
11276
11279
11283
11285
11286
11288
11290
11291
11292
11297
11298
11299
11300
11303
11307
11309
11311
11313
11315
11316
11320
11322
11325
11326
11327
11328
11331
11333
11334
11335
11336
11337
11338
11339
11340
11346
11347
11349
11350
11351
11353
11355
11356
11359
11360
11361
11362
11363
11364
11365
11366
11367
11368
11369
11370
11371
11372
11375
11377
11379
11380
11384
11386
11387
11389
11390
11393
11394
11395
11397
11398
11399
11400
11403
11405
11406
11407
11408
11410
11412
11413
11417
11419
11420
11421
11422
11423
11425
11426
11427
11430
11431
11433
11434
11435
11437
11438
11440
11441
11442
11443
11444
11446
11447
11448
11449
11450
11452
11456
11457
11460
11462
11465
11466
11467
11468
11469
11470
11471
11473
11476
11478
11479
11481
11483
11488
11491
11492
11494
11495
11500
11502
11504
11505
11507
11508
11510
11512
11513
11514
11516
11521
11526
11527
11530
11531
11534
11535
11537
11539
11540
11541
11542
11544
11551
11552
11554
11555
11556
11558
11559
11565
11567
11569
11570
11571
11572
11574
11575
11576
11577
11578
11579
11583
11584
11585
11586
11588
11590
11592
11594
11596
11602
11604
11605
11607
11610
11621
11622
11624
11625
11626
11627
11628
11629
11630
11632
11633
11637
11638
11639
11645
11646
11648
11652
11653
11654
11659
11661
11665
11666
11674
11676
11677
11678
11679
11680
11681
11682
11683
11685
11687
11689
11691
11692
11696
11697
11703
11704
11709
11710
11711
11717
11718
11719
11721
11724
11725
11726
11727
11728
11730
11731
11735
11736
11737
11738
11739
11740
11741
11743
11745
11746
11747
11749
11750
11751
11753
11754
11756
11757
11759
11762
11763
11764
11768
11769
11772
11773
11779
11780
11781
11782
11787
11789
11791
11796
11798
11799
11800
11803
11809
11818
11822
11824
11828
11832
11833
11835
11836
11837
11838
11839
11841
11842
11844
11847
11849
11853
11854
11857
11858
11859
11860
11865
11868
11871
11874
11875
11876
11877
11878
11879
11880
11885
11886
11888
11891
11894
11895
11896
11897
11898
11899
11901
11904
11905
11910
11912
11913
11914
11915
11918
11919
11923
11927
11928
11930
11933
11934
11935
11936
11941
11943
11945
11946
11950
11955
11956
11957
11961
11962
11963
11966
11967
11968
11970
11971
11972
11973
11974
11975
11979
11980
11982
11984
11993
11994
11995
11999
12001
12002
12003
12005
12012
12014
12018
12019
12020
12024
12026
12027
12029
12030
12033
12035
12038
12039
12040
12041
12043
12044
12045
12046
12047
12051
12052
12053
12054
12055
12056
12057
12058
12059
12060
12062
12063
12064
12066
12073
12076
12077
12080
12081
12082
12083
12087
12088
12091
12092
12093
12094
12096
12097
12098
12099
12100
12105
12108
12111
12112
12113
12115
12118
12122
12128
12129
12130
12131
12136
12137
12139
12140
12142
12143
12144
12146
12151
12152
12154
12158
12160
12161
12165
12166
12167
12169
12170
12177
12180
12182
12184
12185
12186
12187
12188
12189
12193
12198
12204
12205
12207
12209
12210
12211
12212
12219
12220
12221
12223
12227
12231
12232
12236
12240
12242
12243
12244
12252
12253
12255
12257
12259
12262
12263
12264
12265
12267
12268
12269
12271
12274
12282
12283
12284
12286
12287
12288
12289
12290
12291
12294
12295
12296
12301
12302
12305
12307
12308
12312
12314
12316
12320
12321
12322
12326
12327
12329
12330
12331
12332
12335
12336
12338
12339
12342
12343
12345
12346
12349
12352
12353
12354
12355
12356
12357
12359
12363
12364
12365
12366
12367
12373
12374
12375
12376
12377
12378
12379
12380
12381
12382
12383
12385
12386
12387
12389
12391
12392
12393
12394
12395
12396
12397
12398
12399
12400
12401
12402
12403
12404
12405
12406
12407
12408
12409
12410
12412
12413
12414
12415
12416
12417
12418
12419
12421
12422
12423
12424
12425
12427
12428
12429
12430
12431
12432
12433
12437
12438
12439
12440
12441
12442
12443
12444
12445
12446
12447
12449
12450
12451
12452
12453
12454
12456
12457
12460
12461
12467
12468
12469
12470
12471
12472
12473
12476
12477
12478
12480
12481
12482
12483
12484
12485
12486
12487
12488
12489
12490
12491
12492
12493
12494
12495
12496
12497
12498
12499
12500
12501
12502
12503
12504
12505
12506
12507
12508
12509
12510
12511
12512
12513
12514
12515
12516
12517
12518
12519
12520
12521
12522
12523
12524
12525
12526
12527
12528
12529
12530
12531
12534
12536
12537
12538
12539
12541
12542
12543
12544
12546
12547
12549
12550
12552
12553
12554
12555
12556
12559
12560
12561
12562
12564
12566
12567
12571
12572
12573
12574
12575
12576
12577
12578
12581
12582
12583
12584
12585
12586
12587
12589
12590
12593
12595
12596
12598
12599
12600
12601
12602
12603
12604
12605
12607
12608
12609
12611
12612
12613
12615
12617
12618
12620
12621
12622
12623
12624
12626
12627
12628
12630
12631
12633
12635
12636
12637
12638
12641
12642
12643
12645
12646
12647
12648
12649
12650
12651
12652
12653
12654
12655
12656
12657
12658
12660
12661
12664
12665
12666
12667
12668
12669
12671
12672
12673
12674
12675
12678
12682
12683
12685
12686
12687
12689
12691
12692
12693
12694
12695
12696
12697
12699
12706
12707
12708
12710
12711
12712
12713
12714
12715
12716
12717
12718
12719
12720
12721
12722
12723
12724
12725
12726
12728
12729
12730
12732
12733
12735
12736
12739
12741
12743
12744
12747
12749
12751
12752
12753
12755
12756
12765
12768
12769
12770
12771
12772
12773
12774
12775
12776
12777
12779
12780
12785
12794
12795
12796
12797
12798
12799
12800
12801
12802
12803
12804
12805
12806
12807
12808
12809
12810
12812
12813
12815
12816
12817
12818
12819
12820
12821
12822
12823
12824
12825
12827
12828
12830
12831
12832
12833
12834
12835
12836
12837
12838
12840
12841
12842
12843
12848
12850
12851
12857
12858
12860
12861
12862
12864
12865
12866
12867
12868
12869
12871
12872
12874
12878
12879
12880
12881
12884
12885
12887
12888
12889
12890
12892
12898
12899
12900
12901
12902
12903
12905
12906
12908
12909
12910
12912
12916
12918
12922
12925
12927
12929
12930
12934
12937
12939
12940
12944
12945
12947
12948
12950
12951
12953
12954
12955
12956
12957
12958
12960
12962
12965
12966
12967
12968
12969
12970
12971
12974
12975
12976
12977
12979
12980
12981
12982
12983
12984
12987
12988
12989
12992
12994
12996
12997
12999
13000
13001
13003
13005
13006
13008
13009
13010
13011
13013
13014
13015
13025
13026
13027
13030
13031
13033
13035
13036
13037
13038
13040
13041
13043
13044
13046
13047
13049
13050
13055
13057
13058
13061
13062
13063
13064
13065
13068
13069
13071
13072
13073
13074
13077
13078
13079
13081
13083
13085
13086
13087
13088
13089
13090
13092
13093
13094
13097
13100
13101
13102
13103
13107
13109
13110
13113
13114
13115
13116
13117
13118
13120
13121
13122
13123
13125
13127
13128
13130
13131
13132
13134
13135
13139
13140
13141
13145
13146
13149
13150
13151
13152
13153
13155
13156
13157
13159
13162
13164
13165
13169
13170
13171
13172
13174
13176
13178
13179
13180
13181
13182
13183
13184
13185
13186
13187
13188
13189
13190
13191
13192
13193
13194
13195
13196
13197
13198
13199
13200
13201
13202
13203
13204
13205
13206
13207
13208
13209
13210
13211
13214
13215
13217
13218
13222
13224
13227
13231
13234
13236
13237
13238
13243
13244
13246
13247
13248
13249
13250
13252
13254
13255
13256
13257
13258
13259
13262
13264
13267
13268
13269
13270
13272
13273
13274
13276
13277
13281
13287
13288
13292
13293
13294
13295
13296
13297
13298
13299
13300
13301
13302
13303
13304
13312
13313
13316
13317
13320
13323
13326
13327
13328
13329
13330
13331
13336
13339
13340
13341
13347
13348
13349
13350
13355
13356
13359
13360
13363
13365
13368
13369
13371
13376
13382
13385
13386
13389
13392
13393
13394
13395
13396
13397
13398
13401
13402
13403
13404
13405
13407
13408
13409
13414
13416
13421
13422
13424
13431
13432
13434
13435
13436
13437
13438
13439
13440
13443
13444
13445
13449
13450
13451
13452
13453
13455
13456
13457
13459
13461
13463
13466
13468
13473
13474
13475
13480
13481
13482
13485
13487
13489
13491
13492
13493
13494
13496
13497
13498
13499
13500
13503
13504
13505
13506
13507
13508
13509
13510
13514
13515
13519
13520
13521
13523
13524
13525
13526
13530
13531
13532
13533
13537
13539
13540
13543
13545
13546
13549
13550
13551
13552
13554
13555
13556
13558
13560
13561
13562
13565
13572
13573
13574
13575
13576
13578
13579
13580
13584
13588
13589
13590
13594
13595
13596
13598
13600
13601
13603
13609
13612
13614
13619
13620
13622
13626
13633
13639
13641
13644
13645
13649
13651
13655
13656
13657
13659
13660
13669
13670
13671
13672
13676
13677
13680
13682
13685
13687
13690
13692
13693
13696
13697
13706
13713
13714
13719
13720
13721
13730
13732
13734
13735
13740
13745
13749
13751
13760
13765
13768
13769
13771
13778
13779
13780
13781
13782
13783
13787
13790
13793
13795
13800
13804
13805
13806
13808
13812
13814
13816
13818
13824
13826
13829
13831
13833
13836
13839
13841
13843
13844
13845
13850
13857
13861
13862
13863
13864
13870
13871
13872
13873
13875
13877
13882
13887
13888
13891
13893
13894
13897
13898
13899
13900
13903
13904
13907
13908
13911
13912
13915
13917
13920
13921
13923
13924
13928
13929
13930
13932
13934
13935
13936
13937
13939
13940
13941
13942
13943
13947
13948
13953
13954
13958
13959
13961
13972
13973
13974
13976
13979
13980
13981
13983
13986
13988
13990
13991
13992
13993
13995
13999
14002
14006
14012
14015
14016
14018
14020
14021
14023
14024
14025
14030
14031
14037
14040
14043
14044
14045
14054
14055
14056
14057
14059
14060
14061
14062
14066
14067
14073
14074
14075
14076
14078
14082
14088
14091
14097
14098
14099
14101
14102
14104
14105
14107
14108
14109
14110
14113
14116
14124
14129
14132
14138
14139
14140
14142
14144
14149
14157
14161
14165
14169
14170
14182
14187
14197
14198
14200
14201
14205
14206
14209
14212
14215
14217
14224
14225
14229
14230
14231
14232
14233
14234
14235
14236
14237
14238
14239
14242
14243
14244
14245
14253
14254
14257
14260
14265
14266
14273
14275
14276
14280
14286
14287
14288
14289
14293
14296
14300
14304
14305
14306
14307
14312
14315
14316
14321
14322
14329
14332
14337
14338
14340
14341
14343
14351
14354
14356
14365
14367
14368
14370
14371
14372
14377
14380
14382
14383
14384
14396
14402
14403
14404
14408
14410
14414
14415
14422
14424
14425
14427
14430
14431
14434
14435
14439
14441
14442
14445
14446
14449
14450
14466
14473
14480
14481
14484
14485
14486
14489
14492
14495
14498
14499
14501
14502
14503
14508
14509
14515
14516
14517
14520
14521
14526
14527
14528
14529
14533
14537
14538
14540
14544
14550
14553
14560
14561
14563
14564
14565
14566
14567
14568
14572
14576
14577
14579
14592
14593
14596
14598
14600
14602
14604
14608
14613
14617
14619
14621
14628
14635
14636
14637
14639
14641
14648
14649
14650
14658
14661
14663
14665
14666
14667
14668
14670
14675
14677
14678
14684
14685
14693
14694
14698
14701
14705
14707
14708
14710
14711
14713
14714
14717
14718
14722
14727
14728
14732
14735
14740
14746
14754
14763
14773
14774
14781
14783
14784
14785
14788
14789
14791
14793
14794
14796
14798
14800
14801
14804
14810
14811
14814
14815
14817
14818
14821
14825
14828
14829
14834
14835
14836
14837
14840
14841
14849
14852
14853
14854
14855
14856
14857
14858
14859
14865
14867
14871
14873
14874
14875
14877
14883
14887
14888
14890
14892
14894
14896
14903
14904
14905
14909
14911
14912
14913
14914
14915
14916
14917
14918
14921
14933
14938
14939
14940
14941
14943
14944
14951
14952
14953
14954
14957
14962
14963
14966
14972
14974
14981
14983
14984
14989
14992
14993
14995
14997
15001
15002
15007
15008
15009
15016
15018
15023
15024
15028
15034
15035
15037
15039
15040
15050
15052
15055
15057
15062
15064
15071
15073
15074
15075
15078
15084
15085
15087
15090
15098
15101
15102
15104
15107
15108
15109
15113
15115
15117
15121
15124
15128
15133
15134
15137
15143
15147
15153
15156
15158
15161
15163
15164
15167
15173
15176
15182
15183
15185
15190
15195
15196
15197
15199
15200
15201
15204
15205
15209
15212
15214
15216
15219
15223
15225
15226
15227
15228
15230
15231
15234
15237
15238
15239
15240
15242
15243
15245
15249
15257
15258
15264
15267
15268
15270
15272
15273
15281
15282
15285
15287
15289
15292
15293
15297
15298
15299
15300
15301
15302
15304
15305
15306
15307
15309
15312
15313
15314
15316
15318
15320
15324
15328
15330
15336
15337
15338
15339
15340
15341
15342
15343
15344
15345
15346
15347
15348
15349
15350
15351
15352
15353
15355
15359
15360
15364
15366
15369
15370
15371
15373
15378
15380
15382
15389
15390
15391
15392
15393
15398
15400
15401
15406
15409
15411
15412
15413
15415
15417
15418
15419
15420
15422
15425
15428
15430
15431
15433
15439
15440
15443
15445
15450
15453
15460
15461
15463
15464
15465
15468
15469
15471
15478
15488
15490
15492
15496
15500
15510
15512
15514
15515
15516
15528
15529
15534
15541
15543
15544
15545
15547
15552
15561
15564
15565
15569
15573
15576
15583
15584
15585
15587
15591
15592
15595
15597
15598
15602
15607
15609
15613
15614
15615
15617
15625
15631
15632
15633
15643
15646
15648
15649
15652
15655
15656
15660
15661
15664
15668
15670
15672
15676
15677
15680
15681
15683
15687
15695
15696
15697
15698
15700
15701
15702
15709
15710
15717
15719
15720
15721
15722
15723
15724
15726
15728
15738
15739
15740
15741
15742
15748
15750
15752
15754
15757
15760
15761
15762
15766
15768
15769
15770
15774
15779
15780
15781
15782
15783
15784
15785
15786
15787
15788
15789
15790
15791
15792
15793
15794
15795
15796
15797
15798
15799
15800
15801
15802
15803
15804
15805
15806
15807
15808
15809
15810
15811
15813
15814
15815
15816
15820
15822
15825
15826
15833
15834
15840
15841
15844
15846
15849
15851
15852
15853
15854
15857
15859
15860
15864
15868
15870
15871
15872
15875
15876
15877
15879
15880
15881
15882
15887
15890
15893
15894
15895
15896
15897
15898
15900
15902
15903
15906
15908
15909
15910
15912
15913
15922
15930
15932
15940
15942
15943
15944
15945
15946
15947
15948
15951
15958
15961
15965
15970
15974
15975
15985
15986
15987
15994
15995
15996
15997
15998
15999
16000
16001
16005
16011
16013
16014
16015
16019
16022
16024
16028
16030
16031
16033
16036
16038
16040
16041
16042
16043
16044
16045
16046
16050
16051
16054
16061
16063
16073
16074
16080
16081
16085
16087
16092
16096
16098
16099
16100
16101
16102
16103
16104
16106
16112
16114
16121
16123
16127
16128
16129
16130
16131
16132
16133
16143
16146
16149
16151
16153
16158
16161
16168
16171
16172
16174
16177
16183
16185
16186
16189
16191
16199
16200
16209
16210
16214
16216
16218
16220
16221
16226
16231
16235
16236
16241
16243
16245
16246
16250
16252
16254
16259
16261
16263
16264
16265
16268
16271
16272
16273
16274
16279
16280
16285
16296
16306
16307
16309
16310
16312
16315
16319
16322
16329
16330
16334
16335
16336
16345
16348
16349
16353
16354
16355
16356
16357
16359
16360
16361
16362
16364
16368
16369
16370
16371
16372
16373
16376
16377
16380
16385
16393
16394
16398
16400
16402
16406
16407
16408
16411
16412
16413
16414
16420
16422
16425
16426
16428
16429
16431
16433
16435
16436
16437
16440
16443
16450
16451
16455
16460
16462
16468
16469
16473
16474
16478
16479
16480
16484
16488
16491
16493
16494
16495
16496
16498
16499
16504
16506
16509
16510
16517
16519
16520
16524
16525
16531
16532
16535
16538
16540
16545
16547
16549
16550
16551
16552
16553
16555
16556
16557
16568
16570
16571
16572
16575
16579
16581
16583
16584
16585
16590
16592
16595
16596
16599
16602
16604
16605
16606
16608
16610
16612
16615
16621
16623
16624
16626
16628
16631
16635
16637
16638
16639
16646
16649
16650
16653
16654
16656
16659
16660
16661
16666
16667
16670
16671
16672
16673
16674
16677
16678
16679
16681
16684
16685
16688
16689
16692
16700
16701
16702
16706
16711
16712
16713
16715
16721
16723
16724
16725
16726
16727
16733
16734
16735
16743
16750
16754
16755
16756
16757
16758
16759
16767
16769
16774
16778
16781
16782
16783
16785
16789
16794
16797
16799
16802
16804
16805
16807
16813
16814
16817
16819
16821
16824
16826
16835
16836
16837
16839
16840
16841
16842
16843
16844
16845
16846
16847
16848
16851
16853
16855
16860
16861
16862
16864
16865
16868
16870
16871
16872
16873
16875
16876
16877
16880
16881
16882
16884
16890
16891
16892
16896
16897
16899
16900
16903
16904
16906
16909
16912
16913
16918
16919
16920
16921
16922
16923
16924
16925
16926
16927
16929
16933
16934
16937
16939
16940
16942
16943
16944
16947
16948
16950
16959
16961
16966
16968
16970
16971
16974
16976
16982
16986
16989
16992
16993
16995
16996
16997
16998
17001
17002
17005
17006
17009
17010
17012
17014
17023
17026
17027
17037
17039
17050
17051
17053
17057
17058
17059
17062
17064
17065
17067
17069
17070
17071
17074
17077
17079
17080
17081
17084
17085
17095
17096
17101
17103
17105
17108
17110
17111
17119
17120
17124
17125
17128
17129
17131
17134
17136
17137
17141
17144
17146
17149
17150
17152
17153
17154
17156
17157
17159
17166
17167
17169
17170
17171
17172
17173
17174
17177
17178
17179
17180
17182
17185
17190
17192
17194
17198
17199
17203
17204
17205
17206
17207
17212
17216
17217
17218
17219
17220
17222
17226
17227
17230
17231
17232
17235
17241
17244
17247
17248
17252
17255
17256
17261
17262
17264
17265
17267
17273
17274
17276
17280
17281
17285
17286
17290
17291
17293
17295
17296
17297
17300
17302
17303
17306
17308
17309
17310
17312
17315
17316
17318
17319
17320
17321
17322
17323
17324
17325
17328
17329
17330
17331
17332
17335
17337
17346
17348
17349
17350
17351
17352
17354
17357
17365
17366
17369
17371
17373
17374
17376
17377
17378
17379
17380
17381
17383
17385
17388
17389
17390
17393
17395
17399
17400
17401
17402
17404
17410
17411
17412
17413
17415
17416
17417
17418
17420
17428
17429
17431
17432
17435
17441
17444
17445
17448
17451
17452
17453
17456
17458
17459
17460
17461
17463
17464
17466
17467
17468
17469
17471
17472
17484
17485
17497
17499
17500
17501
17502
17503
17504
17505
17506
17507
17508
17509
17511
17513
17520
17521
17523
17524
17526
17528
17532
17542
17551
17554
17555
17558
17561
17562
17563
17564
17566
17567
17568
17570
17571
17572
17573
17574
17576
17577
17579
17580
17581
17585
17587
17589
17590
17591
17592
17593
17596
17601
17602
17609
17611
17612
17613
17616
17617
17618
17619
17620
17622
17623
17624
17627
17629
17631
17634
17636
17642
17651
17659
17662
17665
17666
17667
17668
17670
17671
17672
17673
17674
17676
17677
17679
17683
17687
17688
17690
17691
17694
17696
17697
17698
17700
17701
17702
17705
17706
17708
17717
17726
17727
17728
17733
17735
17736
17737
17739
17742
17743
17745
17752
17754
17755
17756
17758
17760
17764
17765
17766
17767
17770
17773
17774
17775
17776
17777
17780
17782
17787
17790
17791
17792
17793
17794
17795
17796
17798
17799
17801
17802
17808
17809
17810
17813
17814
17815
17816
17817
17818
17824
17825
17829
17831
17833
17834
17835
17839
17840
17841
17842
17844
17845
17846
17847
17848
17850
17853
17854
17855
17862
17867
17868
17873
17875
17876
17877
17879
17881
17882
17884
17885
17886
17891
17894
17895
17896
17897
17898
17899
17901
17902
17906
17908
17909
17916
17928
17931
17932
17933
17934
17936
17941
17942
17943
17945
17947
17948
17949
17950
17952
17953
17954
17955
17956
17958
17959
17964
17965
17966
17967
17968
17971
17972
17973
17974
17975
17984
17987
17988
17996
18000
18008
18009
18010
18020
18023
18024
18025
18026
18028
18029
18033
18034
18036
18037
18040
18041
18042
18044
18046
18050
18051
18052
18054
18057
18059
18060
18063
18066
18067
18068
18069
18071
18075
18077
18078
18079
18080
18081
18087
18088
18092
18094
18095
18096
18101
18105
18106
18112
18113
18115
18119
18122
18126
18128
18129
18130
18131
18132
18133
18134
18135
18139
18140
18142
18143
18146
18147
18153
18155
18156
18157
18158
18159
18163
18165
18168
18169
18170
18171
18172
18173
18181
18182
18183
18184
18185
18186
18187
18189
18192
18196
18199
18200
18201
18202
18203
18216
18219
18220
18223
18224
18227
18230
18232
18233
18237
18240
18243
18244
18251
18254
18256
18258
18259
18260
18261
18263
18271
18272
18273
18277
18278
18279
18283
18284
18289
18291
18292
18293
18294
18296
18299
18301
18302
18303
18304
18306
18308
18309
18310
18314
18315
18317
18319
18320
18321
18322
18323
18324
18327
18328
18329
18331
18334
18335
18336
18337
18338
18339
18340
18342
18343
18344
18345
18349
18351
18352
18353
18354
18355
18358
18359
18361
18363
18364
18368
18369
18372
18374
18377
18382
18383
18388
18389
18390
18392
18397
18398
18399
18402
18405
18413
18418
18420
18421
18422
18426
18427
18428
18429
18433
18434
18435
18443
18445
18446
18447
18448
18450
18451
18453
18456
18457
18458
18465
18466
18467
18468
18471
18477
18480
18481
18483
18485
18486
18488
18489
18490
18494
18497
18498
18499
18502
18505
18508
18512
18513
18514
18515
18517
18518
18524
18525
18526
18528
18530
18531
18534
18541
18542
18543
18545
18548
18549
18550
18554
18556
18558
18562
18563
18565
18567
18568
18570
18572
18573
18574
18575
18579
18580
18581
18585
18587
18589
18590
18591
18592
18593
18594
18595
18596
18597
18599
18602
18603
18604
18605
18607
18610
18611
18612
18613
18614
18615
18616
18617
18618
18623
18624
18625
18629
18630
18631
18632
18633
18634
18636
18638
18639
18640
18642
18643
18645
18646
18649
18655
18656
18660
18662
18664
18667
18668
18673
18674
18676
18677
18678
18680
18681
18682
18685
18686
18687
18689
18696
18697
18699
18701
18702
18704
18707
18708
18711
18712
18714
18715
18718
18722
18723
18724
18728
18731
18732
18733
18735
18736
18739
18742
18743
18744
18746
18747
18748
18751
18754
18755
18759
18765
18766
18767
18768
18769
18770
18771
18772
18773
18774
18775
18777
18778
18779
18781
18782
18786
18789
18791
18793
18794
18795
18802
18803
18804
18805
18806
18808
18809
18810
18811
18815
18816
18817
18818
18824
18825
18827
18830
18837
18844
18846
18848
18849
18851
18852
18853
18854
18855
18856
18857
18858
18860
18861
18863
18868
18869
18870
18871
18872
18873
18876
18877
18879
18881
18886
18887
18888
18891
18892
18893
18894
18904
18906
18907
18908
18909
18910
18913
18918
18919
18920
18921
18922
18923
18924
18926
18927
18928
18929
18933
18940
18944
18946
18952
18956
18961
18962
18963
18967
18970
18972
18973
18974
18976
18978
18979
18980
18981
18987
18988
18989
18990
18991
18992
18996
18997
18998
19000
19002
19010
19012
19013
19016
19018
19025
19029
19031
19037
19038
19039
19040
19042
19043
19045
19046
19047
19048
19049
19053
19055
19057
19060
19062
19068
19069
19070
19072
19073
19074
19076
19079
19083
19086
19087
19088
19090
19092
19093
19095
19096
19098
19104
19105
19106
19107
19110
19111
19112
19113
19118
19124
19128
19130
19131
19132
19133
19134
19136
19137
19138
19139
19140
19141
19142
19144
19146
19147
19149
19150
19152
19155
19159
19161
19164
19165
19166
19168
19169
19170
19171
19172
19173
19174
19176
19177
19180
19181
19182
19183
19184
19189
19190
19191
19192
19195
19199
19201
19202
19204
19205
19206
19208
19212
19213
19217
19218
19221
19222
19223
19224
19228
19230
19234
19237
19239
19240
19241
19242
19243
19244
19245
19249
19252
19253
19255
19257
19258
19259
19260
19268
19269
19271
19272
19273
19274
19277
19278
19281
19282
19287
19288
19289
19290
19291
19292
19295
19296
19298
19299
19300
19301
19303
19304
19305
19306
19307
19308
19309
19310
19311
19312
19313
19318
19319
19321
19325
19326
19327
19329
19330
19332
19333
19334
19336
19337
19340
19341
19349
19350
19352
19353
19354
19355
19356
19357
19358
19359
19361
19362
19364
19367
19368
19370
19375
19377
19379
19382
19384
19385
19387
19388
19389
19390
19391
19394
19397
19398
19399
19402
19403
19404
19405
19407
19410
19412
19413
19416
19417
19418
19424
19425
19433
19439
19440
19442
19444
19447
19450
19452
19453
19454
19456
19460
19462
19469
19470
19472
19473
19474
19477
19478
19483
19486
19488
19489
19491
19495
19497
19498
19501
19503
19510
19512
19513
19514
19515
19516
19520
19521
19522
19523
19528
19529
19531
19532
19533
19534
19537
19539
19544
19545
19549
19550
19552
19553
19555
19558
19559
19561
19563
19564
19565
19569
19570
19571
19572
19574
19577
19580
19581
19585
19587
19588
19591
19593
19594
19597
19598
19599
19600
19602
19603
19604
19605
19610
19611
19612
19613
19615
19616
19619
19620
19621
19623
19624
19625
19627
19628
19631
19632
19634
19639
19640
19642
19643
19648
19652
19655
19656
19662
19663
19665
19668
19670
19671
19672
19673
19677
19678
19686
19688
19689
19691
19692
19695
19696
19700
19701
19705
19706
19708
19709
19714
19717
19720
19721
19727
19728
19731
19735
19736
19738
19741
19742
19743
19744
19745
19746
19748
19751
19754
19755
19756
19757
19758
19759
19761
19762
19764
19774
19776
19777
19778
19780
19782
19783
19785
19786
19791
19797
19799
19803
19804
19807
19811
19813
19816
19817
19819
19822
19825
19826
19828
19829
19830
19831
19832
19835
19836
19837
19838
19839
19840
19841
19844
19845
19847
19852
19853
19854
19855
19859
19861
19862
19864
19865
19866
19868
19869
19870
19873
19875
19880
19881
19882
19883
19887
19890
19891
19897
19899
19900
19901
19902
19903
19904
19905
19908
19910
19911
19918
19926
19930
19932
19933
19934
19935
19936
19937
19940
19941
19943
19944
19945
19947
19955
19956
19957
19958
19959
19960
19962
19963
19964
19970
19972
19975
19981
19982
19985
19986
19988
19989
19990
19992
19993
19994
19996
19998
19999
20000
20001
20003
20004
20005
20006
20007
20008
20009
20010
20011
20013
20016
20017
20019
20022
20024
20025
20029
20035
20036
20037
20038
20042
20044
20048
20049
20051
20054
20057
20059
20061
20063
20064
20066
20068
20069
20075
20076
20077
20085
20086
20088
20089
20093
20099
20104
20105
20106
20109
20110
20111
20113
20114
20118
20120
20123
20125
20126
20128
20129
20131
20132
20134
20138
20139
20140
20141
20146
20147
20148
20150
20151
20152
20155
20160
20161
20162
20163
20165
20166
20167
20168
20169
20174
20177
20178
20179
20180
20181
20182
20183
20184
20185
20186
20190
20191
20195
20196
20197
20198
20199
20203
20204
20205
20209
20211
20212
20215
20216
20217
20218
20219
20221
20222
20225
20226
20228
20232
20233
20238
20239
20240
20241
20246
20247
20248
20250
20257
20258
20259
20263
20264
20266
20267
20275
20284
20285
20288
20293
20296
20302
20305
20310
20311
20317
20322
20326
20331
20333
20335
20336
20337
20338
20343
20345
20346
20347
20355
20357
20359
20360
20361
20362
20363
20365
20366
20368
20370
20371
20375
20376
20377
20378
20379
20380
20382
20383
20386
20387
20390
20394
20395
20397
20398
20400
20401
20403
20413
20416
20422
20427
20428
20430
20433
20434
20436
20442
20443
20446
20447
20448
20450
20456
20457
20461
20465
20466
20467
20468
20471
20474
20475
20476
20477
20478
20479
20480
20481
20482
20484
20490
20492
20493
20494
20495
20496
20498
20500
20503
20504
20506
20509
20513
20514
20519
20520
20521
20522
20536
20540
20542
20543
20546
20551
20552
20553
20554
20555
20560
20561
20562
20566
20567
20568
20570
20573
20577
20578
20579
20580
20581
20588
20589
20590
20593
20594
20596
20597
20598
20600
20602
20603
20604
20606
20607
20610
20618
20619
20620
20624
20627
20629
20631
20632
20633
20634
20635
20636
20637
20638
20643
20648
20652
20657
20664
20667
20669
20672
20673
20674
20675
20676
20677
20678
20682
20683
20684
20685
20688
20690
20694
20695
20696
20698
20702
20705
20707
20708
20714
20716
20718
20719
20720
20723
20725
20726
20727
20729
20730
20731
20732
20734
20735
20736
20737
20738
20741
20742
20744
20745
20755
20756
20757
20760
20761
20762
20765
20766
20770
20771
20775
20779
20785
20786
20792
20793
20794
20795
20796
20799
20800
20801
20803
20804
20805
20812
20813
20816
20818
20819
20820
20821
20822
20823
20824
20826
20827
20831
20840
20842
20845
20846
20850
20854
20856
20858
20859
20860
20861
20862
20863
20864
20865
20867
20868
20870
20873
20874
20875
20877
20879
20880
20882
20886
20887
20888
20891
20892
20893
20897
20899
20900
20904
20905
20907
20910
20913
20914
20915
20917
20920
20930
20935
20936
20940
20941
20942
20946
20948
20950
20952
20957
20963
20966
20968
20969
20974
20976
20977
20978
20982
20983
20985
20987
20990
20991
20992
20993
20995
20996
21001
21003
21004
21005
21006
21007
21009
21011
21013
21015
21016
21017
21018
21019
21027
21031
21032
21033
21036
21041
21045
21059
21060
21061
21062
21063
21070
21073
21075
21076
21077
21080
21082
21083
21085
21086
21087
21088
21090
21093
21096
21097
21100
21107
21108
21109
21110
21111
21112
21116
21117
21118
21119
21122
21123
21124
21130
21131
21132
21133
21134
21139
21140
21141
21146
21147
21149
21155
21156
21157
21158
21159
21160
21161
21162
21165
21166
21168
21169
21170
21172
21176
21177
21178
21186
21188
21190
21191
21192
21194
21195
21196
21197
21198
21199
21201
21202
21204
21207
21214
21216
21218
21223
21224
21228
21235
21238
21239
21241
21244
21245
21246
21250
21253
21254
21258
21264
21269
21279
21282
21283
21284
21286
21287
21288
21289
21290
21294
21297
21304
21305
21307
21309
21311
21314
21315
21318
21319
21323
21326
21327
21329
21333
21336
21342
21344
21345
21346
21347
21348
21349
21353
21354
21355
21359
21361
21363
21364
21367
21369
21370
21371
21372
21373
21375
21378
21379
21384
21387
21389
21390
21391
21396
21398
21400
21402
21409
21410
21411
21418
21419
21420
21421
21424
21425
21433
21437
21438
21443
21444
21445
21446
21450
21452
21455
21460
21464
21465
21467
21471
21473
21477
21479
21480
21482
21483
21492
21494
21496
21498
21499
21501
21502
21503
21506
21507
21508
21516
21517
21518
21519
21520
21523
21525
21526
21527
21528
21531
21532
21533
21538
21540
21543
21547
21549
21551
21558
21560
21561
21563
21564
21566
21567
21571
21572
21573
21575
21577
21578
21580
21584
21585
21586
21587
21588
21593
21596
21603
21604
21605
21607
21608
21609
21611
21617
21621
21623
21624
21625
21626
21628
21629
21630
21631
21633
21634
21635
21636
21642
21643
21645
21647
21649
21650
21652
21656
21660
21662
21663
21664
21666
21668
21669
21671
21673
21674
21675
21676
21677
21682
21683
21685
21688
21689
21695
21697
21698
21699
21700
21702
21705
21711
21713
21714
21715
21716
21723
21726
21727
21728
21729
21730
21731
21734
21735
21737
21738
21740
21741
21744
21746
21748
21750
21752
21753
21754
21758
21767
21768
21769
21770
21772
21774
21775
21776
21778
21780
21782
21783
21785
21788
21791
21792
21793
21794
21795
21796
21798
21803
21806
21809
21810
21811
21812
21813
21815
21817
21822
21823
21824
21828
21829
21830
21831
21832
21833
21834
21835
21836
21837
21838
21844
21845
21847
21852
21854
21856
21857
21859
21861
21864
21866
21875
21876
21881
21892
21895
21896
21898
21900
21901
21916
21918
21920
21924
21925
21926
21927
21930
21933
21936
21942
21943
21946
21947
21948
21949
21953
21954
21955
21957
21961
21962
21965
21966
21967
21969
21971
21972
21990
21991
21994
21995
21997
21999
22000
22003
22004
22007
22008
22009
22013
22014
22017
22019
22020
22023
22026
22028
22029
22030
22031
22033
22036
22041
22043
22046
22047
22048
22049
22050
22058
22060
22065
22075
22078
22088
22097
22098
22103
22105
22112
22113
22114
22115
22118
22119
22120
22121
22123
22124
22127
22128
22130
22136
22137
22138
22139
22146
22148
22151
22155
22159
22161
22164
22165
22167
22169
22176
22177
22178
22179
22180
22181
22188
22189
22198
22199
22201
22202
22203
22204
22205
22206
22207
22208
22210
22211
22212
22213
22214
22215
22216
22217
22218
22221
22222
22224
22225
22230
22231
22232
22234
22235
22236
22239
22241
22243
22244
22248
22253
22256
22261
22263
22264
22265
22266
22269
22270
22272
22273
22274
22280
22284
22285
22286
22287
22294
22296
22306
22307
22311
22312
22313
22314
22315
22316
22319
22320
22322
22323
22327
22329
22334
22335
22336
22337
22338
22342
22344
22345
22347
22348
22349
22350
22352
22353
22355
22361
22362
22363
22364
22369
22373
22375
22376
22377
22378
22379
22380
22388
22389
22390
22393
22396
22401
22412
22414
22415
22417
22418
22421
22422
22423
22424
22431
22432
22433
22435
22451
22452
22454
22456
22457
22458
22459
22460
22461
22462
22463
22467
22470
22471
22472
22475
22477
22478
22480
22481
22482
22489
22491
22497
22498
22499
22502
22503
22504
22505
22507
22508
22509
22511
22512
22513
22514
22515
22519
22520
22521
22522
22523
22524
22526
22530
22534
22535
22536
22539
22543
22545
22546
22549
22551
22553
22554
22555
22556
22558
22560
22561
22563
22566
22567
22570
22574
22575
22578
22579
22581
22583
22584
22587
22590
22593
22594
22599
22601
22603
22604
22606
22607
22611
22614
22615
22624
22625
22627
22628
22629
22634
22636
22642
22644
22645
22648
22652
22653
22654
22655
22664
22665
22666
22670
22671
22673
22676
22678
22679
22680
22681
22682
22683
22684
22685
22687
22689
22690
22694
22695
22696
22700
22701
22702
22703
22704
22716
22717
22718
22720
22722
22723
22724
22725
22726
22727
22728
22730
22732
22733
22734
22736
22738
22739
22742
22746
22747
22748
22749
22753
22760
22763
22772
22778
22779
22780
22786
22798
22801
22803
22806
22817
22818
22827
22836
22838
22839
22840
22842
22843
22844
22845
22846
22847
22855
22856
22857
22858
22862
22866
22867
22874
22875
22876
22878
22887
22894
22896
22899
22902
22905
22907
22908
22912
22914
22916
22920
22922
22926
22930
22931
22934
22935
22944
22947
22948
22949
22952
22953
22957
22958
22960
22967
22968
22969
22970
22975
22976
22978
22982
22983
22986
22991
22992
22993
22999
23000
23003
23006
23010
23011
23012
23013
23014
23015
23016
23017
23020
23028
23029
23039
23040
23041
23043
23044
23046
23050
23056
23060
23062
23065
23066
23067
23068
23069
23070
23071
23072
23073
23074
23075
23076
23079
23080
23095
23096
23097
23105
23106
23107
23108
23110
23112
23114
23115
23116
23117
23120
23121
23126
23127
23129
23131
23132
23133
23134
23135
23136
23142
23143
23144
23145
23146
23147
23151
23152
23159
23162
23165
23166
23167
23169
23171
23174
23175
23177
23178
23185
23190
23197
23199
23202
23216
23217
23218
23231
23232
23234
23237
23238
23259
23260
23263
23268
23272
23277
23278
23280
23282
23288
23291
23295
23296
23297
23303
23309
23312
23316
23330
23331
23333
23334
23335
23336
23337
23338
23339
23343
23348
23351
23357
23362
23367
23373
23374
23375
23380
23382
23385
23391
23393
23396
23401
23410
23411
23412
23413
23414
23417
23428
23429
23433
23434
23437
23439
23442
23443
23444
23456
23458
23459
23464
23465
23466
23467
23468
23473
23474
23477
23478
23479
23485
23486
23487
23490
23492
23494
23499
23500
23501
23504
23506
23509
23510
23512
23513
23514
23515
23516
23517
23518
23520
23521
23522
23523
23527
23528
23529
23530
23531
23548
23555
23556
23557
23558
23559
23560
23561
23562
23563
23564
23582
23587
23596
23597
23598
23601
23602
23615
23617
23625
23626
23627
23628
23629
23631
23632
23633
23636
23645
23647
23648
23652
23653
23658
23662
23668
23674
23676
23678
23682
23683
23685
23692
23712
23713
23714
23717
23719
23726
23733
23742
23745
23750
23756
23760
23763
23783
23793
23800
23804
23811
23812
23813
23817
23822
23825
23834
23840
23843
23849
23851
23852
23853
23856
23863
23868
23869
23876
23881
23887
23895
23896
23897
23903
23908
23926
23939
23940
23950
23953
23958
23960
23961
23962
23978
23979
23984
23985
23986
23995
23997
24002
24004
24005
24006
24025
24036
24038
24042
24050
24051
24053
24057
24063
24064
24068
24078
24080
24083
24086
24097
24103
24106
24107
24115
24116
24119
24120
24123
24131
24133
24136
24137
24138
24149
24152
24153
24161
24165
24166
24174
24194
24197
24198
24201
24203
24205
24206
24207
24208
24209
24211
24213
24222
24232
24242
24243
24249
24250
24252
24254
24259
24263
24265
24266
24268
24269
24270
24271
24278
24279
24283
24284
24287
24290
24292
24299
24306
24309
24314
24318
24320
24332
24333
24334
24336
24353
24354
24356
24360
24362
24363
24367
24369
24371
24372
24373
24375
24385
24386
24387
24389
24398
24400
24401
24403
24409
24414
24417
24419
24425
24427
24428
24433
24437
24441
24450
24454
24456
24458
24459
24461
24464
24467
24476
24493
24494
24503
24504
24505
24514
24517
24520
24522
24534
24540
24541
24542
24543
24544
24545
24546
24549
24560
24564
24566
24576
24580
24581
24589
24590
24602
24603
24604
24607
24612
24623
24631
24632
24635
24636
24641
24642
24646
24653
24668
24669
24673
24679
24685
24691
24698
24702
24703
24708
24713
24714
24715
24716
24719
24723
24733
24734
24735
24736
24738
24739
24763
24773
24775
24776
24780
24795
24800
24803
24807
24809
24810
24811
24815
24816
24817
24822
24836
24837
24838
24856
24859
24864
24872
24874
24889
24898
24900
24902
24903
24905
24908
24909
24919
24920
24927
24929
24930
24931
24932
24933
24934
24936
24949
24950
24955
24958
24960
24963
24967
24978
24981
24982
24983
24988
24996
24999
25008
25017
25020
25021
25032
25037
25047
25051
25054
25055
25056
25059
25060
25061
25062
25064
25065
25067
25071
25073
25075
25079
25088
25089
25090
25110
25113
25114
25116
25118
25124
25126
25134
25135
25138
25142
25144
25151
25152
25161
25162
25174
25177
25178
25179
25187
25189
25191
25196
25207
25208
25211
25214
25217
25222
25224
25226
25230
25231
25233
25239
25242
25252
25253
25254
25255
25267
25268
25271
25277
25289
25290
25293
25295
25296
25297
25303
25307
25308
25330
25332
25334
25338
25340
25341
25342
25343
25344
25345
25346
25353
25357
25363
25370
25371
25373
25376
25378
25387
25388
25394
25399
25400
25402
25403
25407
25409
25417
25418
25422
25425
25429
25439
25446
25447
25449
25453
25457
25459
25461
25472
25477
25478
25482
25483
25486
25491
25492
25493
25494
25495
25499
25500
25502
25504
25512
25516
25521
25522
25525
25528
25529
25530
25532
25533
25539
25540
25541
25542
25544
25545
25560
25565
25570
25571
25576
25577
25586
25593
25596
25597
25599
25608
25612
25615
25620
25623
25624
25628
25631
25633
25634
25636
25637
25640
25641
25645
25646
25650
25658
25660
25670
25675
25677
25678
25681
25682
25684
25688
25690
25704
25707
25708
25710
25714
25717
25719
25722
25723
25727
25734
25736
25737
25739
25743
25748
25750
25755
25761
25764
25765
25767
25787
25788
25789
25794
25796
25797
25798
25799
25800
25801
25803
25809
25813
25814
25815
25818
25830
25833
25834
25835
25840
25845
25846
25853
25855
25856
25873
25874
25875
25879
25880
25885
25888
25889
25890
25895
25897
25900
25903
25908
25909
25913
25915
25919
25921
25930
25947
25956
25957
25960
25961
25962
25970
25972
25974
25980
25981
25985
25990
25991
25998
25999
26002
26007
26008
26014
26022
26025
26035
26043
26046
26049
26052
26056
26057
26058
26060
26061
26067
26068
26070
26072
26075
26079
26081
26082
26086
26090
26092
26093
26100
26105
26110
26111
26112
26114
26120
26138
26141
26143
26144
26152
26153
26160
26161
26168
26169
26170
26178
26179
26180
26183
26188
26193
26210
26213
26219
26222
26224
26234
26235
26236
26238
26243
26248
26249
26251
26255
26258
26263
26267
26269
26270
26271
26272
26273
26274
26276
26278
26280
26282
26286
26288
26289
26291
26293
26294
26295
26300
26302
26303
26305
26306
26307
26308
26309
26313
26320
26329
26330
26332
26333
26337
26339
26345
26346
26347
26348
26357
26361
26362
26365
26366
26373
26377
26382
26387
26392
26394
26395
26396
26401
26402
26404
26406
26408
26409
26413
26414
26417
26418
26422
26424
26432
26436
26448
26449
26450
26462
26467
26470
26473
26476
26477
26479
26480
26483
26484
26501
26502
26520
26535
26538
26539
26541
26545
26547
26553
26558
26561
26564
26569
26584
26587
26588
26592
26593
26597
26598
26599
26600
26602
26603
26604
26605
26612
26614
26616
26621
26622
26628
26629
26645
26646
26654
26657
26658
26659
26660
26662
26664
26665
26673
26686
26694
26696
26698
26701
26702
26703
26709
26717
26718
26719
26720
26721
26722
26723
26727
26731
26732
26744
26748
26749
26750
26758
26759
26760
26765
26766
26767
26768
26769
26786
26791
26792
26793
26797
26798
26825
26828
26829
26841
26842
26846
26847
26861
26863
26867
26869
26870
26874
26876
26877
26879
26882
26883
26892
26893
26900
26906
26918
26925
26930
26940
26945
26949
26950
26952
26954
26955
26956
26964
26965
26968
26974
26978
26979
26984
26988
26989
26994
26995
26996
27003
27004
27006
27009
27030
27031
27032
27040
27043
27044
27046
27051
27055
27056
27057
27058
27061
27065
27068
27072
27080
27081
27082
27084
27086
27091
27093
27094
27095
27097
27098
27099
27100
27101
27107
27108
27112
27120
27122
27130
27133
27141
27156
27157
27159
27161
27163
27167
27171
27172
27181
27187
27188
27189
27190
27191
27193
27202
27207
27215
27219
27222
27227
27231
27232
27234
27235
27237
27239
27254
27256
27261
27269
27274
27275
27276
27278
27288
27294
27311
27312
27314
27323
27326
27330
27344
27348
27364
27369
27370
27377
27378
27381
27395
27396
27397
27398
27411
27418
27432
27433
27436
27440
27441
27444
27446
27458
27459
27460
27468
27471
27473
27475
27476
27477
27483
27485
27493
27497
27501
27502
27505
27510
27514
27515
27518
27519
27520
27523
27526
27532
27534
27536
27538
27545
27554
27556
27557
27558
27559
27560
27565
27566
27576
27580
27581
27587
27591
27594
27595
27596
27601
27602
27603
27610
27611
27615
27623
27630
27631
27641
27645
27646
27650
27652
27654
27656
27657
27661
27662
27678
27685
27694
27695
27699
27703
27705
27711
27712
27714
27717
27720
27722
27730
27731
27737
27739
27742
27745
27751
27753
27756
27762
27770
27771
27772
27779
27781
27783
27786
27787
27790
27791
27792
27793
27794
27801
27802
27814
27816
27817
27818
27819
27825
27847
27854
27856
27861
27868
27872
27873
27874
27883
27885
27888
27890
27894
27896
27899
27900
27905
27908
27913
27919
27924
27925
27927
27929
27932
27933
27936
27959
27960
27963
27965
27969
27980
27981
27982
27986
27992
28004
28005
28021
28025
28027
28037
28038
28047
28048
28051
28053
28065
28067
28070
28071
28073
28088
28089
28095
28097
28100
28101
28106
28109
28110
28119
28126
28131
28132
28133
28134
28135
28142
28149
28151
28153
28154
28162
28172
28173
28180
28181
28185
28186
28189
28190
28197
28201
28205
28206
28208
28210
28214
28227
28229
28231
28232
28236
28237
28238
28244
28245
28253
28254
28255
28265
28267
28268
28269
28270
28271
28279
28281
28283
28284
28320
28322
28323
28328
28333
28335
28336
28343
28345
28346
28351
28353
28355
28357
28358
28359
28360
28366
28367
28368
28370
28371
28377
28381
28387
28388
28392
28396
28418
28424
28426
28427
28428
28432
28434
28435
28438
28440
28450
28458
28460
28462
28483
28489
28490
28491
28492
28493
28499
28505
28506
28507
28508
28514
28515
28516
28517
28518
28520
28527
28530
28532
28533
28535
28536
28538
28546
28549
28551
28563
28574
28587
28588
28589
28590
28592
28601
28616
28619
28626
28627
28633
28634
28637
28640
28652
28654
28659
28667
28670
28674
28676
28677
28680
28688
28689
28690
28696
28700
28706
28711
28712
28713
28733
28734
28738
28741
28751
28754
28756
28761
28762
28763
28765
28775
28776
28777
28778
28788
28794
28800
28801
28804
28813
28831
28832
28838
28843
28845
28847
28851
28864
28867
28870
28877
28882
28883
28895
28898
28901
28916
28918
28921
28923
28930
28938
28944
28950
28955
28956
28957
28958
28962
28970
28976
28977
28978
28980
28985
28986
28987
28988
28991
28994
28999
29009
29010
29011
29013
29018
29024
29027
29029
29033
29034
29035
29036
29037
29042
29052
29053
29072
29073
29075
29082
29093
29097
29099
29102
29103
29104
29108
29112
29113
29115
29141
29142
29150
29152
29153
29155
29158
29168
29170
29171
29176
29179
29181
29182
29185
29186
29189
29190
29194
29196
29199
29203
29204
29214
29215
29216
29219
29224
29227
29232
29234
29241
29246
29247
29248
29250
29252
29257
29259
29261
29263
29278
29279
29280
29281
29283
29286
29296
29298
29299
29302
29310
29313
29330
29331
29333
29337
29341
29342
29343
29348
29349
29354
29363
29364
29365
29366
29367
29370
29374
29375
29377
29378
29379
29390
29398
29400
29402
29403
29411
29412
29414
29419
29422
29423
29425
29426
29428
29435
29436
29446
29455
29457
29460
29467
29468
29469
29472
29482
29486
29487
29490
29494
29495
29497
29500
29506
29508
29509
29517
29518
29519
29520
29525
29533
29534
29535
29536
29537
29542
29546
29547
29555
29563
29567
29577
29593
29598
29601
29605
29608
29609
29613
29616
29622
29623
29629
29631
29633
29635
29636
29640
29641
29651
29656
29657
29658
29659
29660
29666
29670
29674
29677
29678
29680
29681
29686
29688
29690
29699
29703
29705
29707
29709
29711
29712
29713
29715
29719
29724
29727
29733
29734
29736
29737
29738
29740
29742
29745
29749
29752
29753
29757
29758
29759
29761
29764
29765
29766
29768
29769
29772
29779
29780
29782
29789
29790
29793
29795
29797
29798
29799
29801
29802
29803
29814
29815
29819
29821
29824
29828
29829
29830
29831
29834
29835
29836
29840
29841
29846
29847
29853
29856
29857
29859
29860
29864
29865
29866
29868
29875
29876
29879
29888
29897
29898
29899
29916
29917
29919
29921
29922
29930
29936
29937
29940
29941
29944
29945
29946
29947
29948
29949
29952
29955
29962
29964
29975
29976
29977
29978
29979
29980
29982
29983
29984
29996
30000
30004
30008
30011
30014
30015
30020
30022
30024
30026
30027
30028
30035
30037
30041
30047
30065
30067
30072
30074
30076
30082
30091
30092
30094
30095
30096
30098
30099
30100
30102
30110
30112
30114
30115
30116
30120
30121
30122
30133
30139
30140
30146
30148
30149
30154
30157
30161
30170
30175
30179
30181
30183
30188
30193
30196
30198
30200
30201
30205
30206
30213
30216
30222
30224
30225
30234
30237
30243
30245
30247
30257
30264
30269
30273
30274
30280
30285
30287
30290
30292
30294
30295
30296
30312
30313
30316
30319
30332
30336
30337
30338
30340
30341
30342
30350
30365
30366
30370
30374
30376
30384
30388
30393
30397
30402
30403
30410
30411
30414
30417
30420
30428
30437
30439
30442
30443
30445
30451
30452
30453
30461
30467
30476
30477
30482
30484
30486
30488
30489
30494
30496
30497
30501
30515
30524
30533
30536
30537
30538
30541
30542
30543
30546
30551
30560
30562
30572
30575
30583
30585
30591
30592
30600
30604
30618
30628
30644
30645
30650
30651
30659
30660
30665
30666
30667
30669
30670
30671
30673
30674
30677
30679
30685
30688
30698
30705
30714
30715
30716
30719
30722
30724
30727
30732
30749
30760
30763
30765
30767
30770
30776
30777
30784
30802
30811
30817
30820
30829
30838
30839
30842
30851
30852
30861
30863
30866
30867
30868
30869
30870
30875
30876
30885
30891
30897
30905
30907
30908
30914
30917
30920
30922
30923
30934
30937
30939
30943
30954
30961
30974
30980
30986
30990
31002
31007
31022
31026
31028
31031
31032
31033
31034
31035
31039
31043
31049
31055
31056
31060
31061
31065
31067
31069
31070
31071
31093
31099
31104
31105
31106
31107
31108
31109
31110
31111
31112
31113
31114
31115
31116
31117
31118
31119
31120
31124
31129
31132
31135
31148
31153
31171
31179
31180
31182
31193
31195
31196
31202
31203
31206
31207
31208
31213
31214
31215
31217
31231
31238
31241
31245
31251
31252
31257
31263
31266
31272
31275
31278
31290
31293
31294
31295
31299
31301
31302
31311
31312
31317
31318
31323
31338
31339
31345
31351
31354
31358
31366
31368
31369
31370
31374
31383
31389
31394
31397
31401
31403
31405
31409
31410
31416
31419
31421
31426
31428
31433
31436
31441
31443
31448
31449
31455
31457
31466
31472
31473
31476
31480
31488
31489
31490
31491
31497
31498
31504
31510
31511
31517
31518
31519
31520
31522
31523
31530
31531
31532
31539
31544
31546
31547
31549
31551
31557
31560
31562
31576
31577
31580
31581
31588
31589
31593
31610
31613
31619
31620
31628
31631
31635
31636
31638
31642
31644
31645
31654
31659
31660
31662
31668
31669
31674
31675
31682
31683
31684
31685
31687
31688
31689
31692
31693
31701
31702
31703
31706
31709
31712
31713
31719
31720
31723
31725
31727
31730
31731
31734
31738
31742
31743
31749
31752
31755
31766
31770
31771
31772
31775
31779
31782
31783
31784
31788
31790
31791
31793
31804
31811
31813
31816
31818
31820
31821
31823
31828
31831
31832
31837
31839
31840
31841
31842
31843
31844
31846
31847
31850
31851
31852
31855
31856
31862
31864
31877
31879
31880
31884
31885
31888
31889
31890
31892
31896
31903
31906
31909
31910
31911
31912
31913
31922
31925
31929
31930
31935
31937
31942
31943
31947
31948
31949
31950
31952
31953
31955
31962
31964
31973
31976
31977
31978
31982
31984
31985
31986
31991
31992
31998
31999
32002
32007
32010
32011
32013
32018
32024
32026
32028
32033
32039
32041
32046
32047
32049
32052
32053
32062
32066
32069
32070
32075
32077
32079
32080
32081
32085
32088
32093
32096
32097
32102
32104
32106
32109
32114
32124
32125
32128
32131
32136
32137
32138
32139
32141
32143
32144
32146
32148
32149
32150
32152
32154
32155
32160
32169
32174
32179
32187
32194
32195
32196
32197
32198
32199
32204
32205
32208
32209
32210
32212
32217
32218
32223
32227
32230
32232
32249
32254
32255
32256
32258
32259
32260
32261
32267
32268
32269
32275
32278
32282
32284
32287
32288
32289
32293
32304
32306
32315
32316
32321
32322
32325
32326
32327
32330
32333
32335
32336
32338
32341
32342
32343
32344
32345
32346
32355
32356
32357
32358
32367
32373
32377
32379
32384
32389
32391
32399
32404
32408
32412
32413
32416
32417
32421
32426
32427
32428
32429
32432
32434
32435
32439
32443
32444
32449
32454
32458
32459
32460
32470
32473
32477
32478
32483
32488
32489
32490
32493
32497
32498
32503
32504
32510
32513
32522
32530
32536
32547
32552
32554
32557
32559
32562
32563
32566
32568
32570
32571
32578
32586
32587
32590
32593
32594
32596
32598
32599
32605
32611
32618
32619
32622
32627
32630
32631
32632
32634
32638
32639
32642
32653
32657
32661
32662
32663
32664
32665
32666
32667
32668
32669
32674
32675
32676
32682
32683
32686
32687
32688
32689
32690
32696
32697
32703
32704
32708
32709
32724
32728
32729
32733
32735
32738
32743
32744
32745
32747
32751
32757
32762
32763
32764
32765
32768
32772
32774
32779
32789
32791
32795
32796
32798
32799
32801
32811
32821
32823
32824
32825
32832
32833
32835
32839
32840
32842
32844
32846
32847
32849
32851
32853
32862
32867
32879
32881
32882
32885
32891
32895
32911
32919
32920
32924
32938
32947
32958
32961
32967
32968
32969
32973
32979
32985
32986
33002
33003
33004
33005
33012
33013
33016
33017
33018
33021
33024
33025
33026
33034
33037
33044
33048
33050
33056
33058
33062
33067
33069
33076
33078
33081
33085
33086
33088
33089
33090
33091
33093
33094
33097
33099
33103
33112
33116
33125
33130
33144
33146
33147
33152
33162
33164
33168
33171
33173
33175
33180
33182
33183
33190
33191
33192
33194
33201
33207
33240
33241
33245
33246
33247
33248
33255
33259
33260
33263
33271
33279
33282
33285
33297
33301
33316
33318
33322
33326
33338
33346
33350
33351
33354
33355
33357
33360
33367
33368
33369
33371
33386
33388
33389
33393
33394
33396
33399
33401
33402
33403
33407
33412
33421
33422
33428
33429
33431
33432
33433
33434
33435
33439
33440
33443
33444
33446
33447
33455
33462
33466
33473
33474
33478
33479
33484
33488
33490
33491
33496
33502
33507
33510
33511
33513
33538
33541
33547
33550
33553
33557
33562
33573
33579
33581
33584
33586
33588
33592
33599
33601
33603
33615
33617
33619
33621
33624
33625
33630
33631
33632
33633
33635
33636
33637
33640
33641
33645
33646
33647
33648
33654
33656
33687
33701
33703
33704
33705
33708
33712
33715
33720
33721
33722
33731
33732
33735
33737
33738
33739
33741
33750
33751
33752
33756
33757
33758
33759
33760
33761
33764
33769
33770
33771
33773
33784
33790
33805
33806
33809
33821
33826
33839
33842
33846
33847
33855
33866
33868
33869
33871
33878
33879
33890
33894
33904
33905
33908
33910
33916
33917
33928
33929
33930
33933
33934
33938
33947
33949
33952
33963
33967
33968
33971
33975
33982
33985
33992
33998
33999
34004
34007
34010
34016
34019
34021
34030
34033
34039
34051
34053
34057
34060
34061
34062
34072
34074
34078
34090
34097
34103
34111
34116
34124
34130
34140
34143
34144
34146
34149
34156
34168
34175
34177
34180
34183
34184
34187
34189
34191
34194
34197
34198
34207
34209
34210
34212
34213
34218
34225
34234
34243
34254
34256
34265
34274
34279
34284
34293
34306
34307
34312
34318
34328
34329
34330
34331
34334
34337
34338
34339
34347
34352
34353
34356
34371
34372
34377
34382
34388
34400
34401
34416
34417
34419
34421
34423
34432
34445
34451
34461
34471
34472
34489
34496
34501
34506
34507
34509
34513
34516
34521
34530
34550
34560
34576
34577
34580
34582
34583
34589
34590
34598
34601
34612
34620
34630
34634
34640
34654
34655
34670
34672
34689
34698
34716
34718
34722
34723
34744
34750
34754
34764
34776
34826
34872
34879
34897
34914
35085
35238
35370
35461
35464
35564
35615
35652
35732
35749
35838
35869
35892
35923
35924
35935
35952
35964
35967
35969
35978
35981
35985
35987
35988
35989
35992
35993
35994
35996
35999
36000
36001
36006
36008
36010
36015
36016
36017
36018
36021
36023
36028
36032
36034
36035
36036
36039
36040
36042
36054
36056
36057
36058
36061
36062
36063
36064
36065
36074
36091
36097
36101
36102
36103
36105
36108
36109
36110
36112
36113
36115
36118
36124
36125
36127
36128
36133
36134
36138
36140
36146
36149
36155
36157
36160
36161
36162
36166
36170
36187
36188
36190
36191
36192
36193
36194
36195
36198
36206
36209
36210
36216
36221
36222
36223
36229
36230
36232
36233
36236
36237
36247
36248
36249
36250
36255
36256
