0
1
2
3
5
6
7
10
11
12
13
14
15
16
18
19
22
23
24
26
28
30
32
35
37
39
40
44
45
46
50
51
53
55
58
60
61
64
66
67
68
69
70
71
72
73
75
76
77
78
80
82
83
85
88
92
93
94
95
98
99
101
102
103
106
108
109
110
111
114
115
116
118
119
120
121
122
123
124
125
126
128
130
131
133
134
135
137
147
149
152
154
157
158
159
165
167
171
178
181
182
186
187
191
192
193
195
196
197
199
200
202
203
204
206
207
208
211
213
216
218
223
224
225
233
237
239
244
245
246
248
249
250
255
256
264
269
270
276
281
291
292
293
297
301
302
303
305
318
319
324
325
331
337
342
350
356
359
361
363
365
366
367
368
372
375
376
377
379
383
385
387
390
391
401
407
425
433
435
445
451
452
455
462
466
469
470
472
474
485
493
501
509
521
524
532
535
539
543
547
549
567
568
576
578
581
582
593
594
598
599
604
608
610
629
633
640
641
644
646
647
662
667
675
710
714
716
717
720
729
730
734
740
743
746
752
757
759
795
812
826
838
842
871
873
883
895
896
908
920
921
924
926
938
960
975
981
1003
1010
1042
1052
1056
1059
1075
1103
1106
1113
1116
1137
1146
1171
1180
1202
1203
1214
1217
1219
1258
1275
1392
1407
1422
1436
1446
1447
1448
1449
1458
1510
1523
1526
1527
1530
1569
1578
1588
1697
1698
1704
1710
1737
1765
1777
1797
1798
1826
1855
1856
1895
1926
1940
1951
1955
1980
1997
2006
2028
2029
2030
2031
2045
2050
2063
2086
2124
2134
2173
2229
2236
2280
2308
2319
2343
2353
2363
2434
2494
2498
2540
2544
2568
2572
2616
2622
2633
2650
2679
2757
2845
2847
2890
2891
2892
2951
2960
2961
2989
3001
3006
3010
3028
3069
3150
3207
3211
3295
3340
3343
3363
3370
3381
3408
3429
3475
3486
3500
3564
3567
3568
3583
3591
3619
3628
3647
3673
3689
3716
3748
3775
3785
3797
3798
3807
3823
3824
3848
3861
3885
3900
3922
3952
3953
4036
4059
4076
4079
4083
4214
4229
4247
4265
4325
4380
4426
4428
4442
4522
4526
4671
4752
4823
4865
4876
4896
4911
4924
4961
4973
4987
5062
5100
5113
5129
5151
5177
5181
5201
5295
5311
5432
5447
5563
5571
5576
5603
5619
5703
5754
5779
5795
5820
5880
5917
5947
6044
6052
6069
6077
6216
6346
6377
6389
6414
6437
6462
6474
6691
6791
7037
7084
7139
7297
7351
7379
7471
7535
7572
7604
7631
7654
7715
7839
7976
8070
8096
8132
8198
8243
8272
8349
8375
8421
8475
8542
8575
8605
8637
8642
8643
8657
8741
8748
8874
8952
8955
9100
9101
9288
9878
9879
9881
9906
10004
10093
10232
10252
10261
10365
10370
10431
10447
10462
10467
10525
10730
10788
10849
10863
10887
11004
11035
11124
11137
11260
11270
11489
11490
11534
11681
11705
11718
11781
11828
11885
11923
11940
11943
12036
12040
12076
12209
12327
12376
12377
12379
12380
12381
12383
12386
12394
12396
12402
12422
12428
12429
12441
12444
12460
12476
12482
12494
12496
12516
12585
12612
12618
12635
12644
12655
12694
12798
12807
12867
12956
12999
13026
13063
13110
13262
13267
13320
13438
13519
13524
13655
13672
13701
13740
13771
13868
13873
13875
13902
13948
13979
14105
14175
14176
14177
14178
14179
14192
14193
14194
14195
14196
14197
14237
14258
14354
14372
14424
14473
14502
14563
14577
14601
14729
14892
15010
15024
15052
15084
15106
15156
15161
15183
15230
15237
15305
15308
15320
15330
15331
15367
15368
15378
15382
15393
15406
15412
15420
15426
15427
15445
15455
15456
15485
15526
15546
15584
15638
15659
15661
15745
15746
15958
16094
16241
16363
16364
16381
16557
16584
16611
16612
16617
16806
16815
16871
16895
17029
17227
17259
17274
17299
17326
17365
17444
17507
17531
17689
17825
18068
18119
18170
18250
18319
18488
18555
18664
18684
18755
18887
18896
19002
19174
19409
19459
19472
19710
19881
19941
20108
20191
20215
20361
20365
20863
21063
21064
21250
21276
21279
21351
21460
21615
21704
21734
21743
21798
21943
22002
22240
22433
22716
22771
22772
23240
24018
24612
24807
25021
25111
25945
26183
26255
26281
26473
26798
26978
27107
27133
27755
27848
28042
28661
28819
28979
29214
29467
29468
30961
31770
32073
32095
32306
35370
35892
